# stoplist: theta=0.300  N=42  V=14986  terms=2933
# 由 index_gen 生成（Part 1）。仅供报告与解释使用，查询正确性只取决于 index.bin
# term cf df df/N
the 29622 42 1.0000
and 27365 42 1.0000
i 23243 42 1.0000
to 20898 42 1.0000
of 18181 42 1.0000
a 15347 42 1.0000
you 14236 42 1.0000
my 12935 42 1.0000
that 11938 42 1.0000
in 11901 42 1.0000
is 9717 42 1.0000
not 8871 42 1.0000
with 8243 42 1.0000
it 8090 42 1.0000
for 8088 42 1.0000
s 8078 42 1.0000
me 8033 42 1.0000
be 7978 42 1.0000
hi 7410 42 1.0000
he 7152 42 1.0000
your 7145 42 1.0000
thi 6923 42 1.0000
but 6637 42 1.0000
have 6293 42 1.0000
as 6041 42 1.0000
thou 5861 42 1.0000
him 5441 42 1.0000
so 5361 42 1.0000
on 5338 42 1.0000
will 5274 42 1.0000
what 5026 42 1.0000
her 4384 42 1.0000
thy 4259 42 1.0000
all 4190 42 1.0000
do 4069 42 1.0000
by 4033 42 1.0000
no 3973 42 1.0000
we 3757 42 1.0000
shall 3749 42 1.0000
if 3689 42 1.0000
ar 3582 42 1.0000
come 3403 42 1.0000
thee 3368 42 1.0000
our 3256 42 1.0000
o 3208 42 1.0000
good 3016 42 1.0000
now 2950 42 1.0000
love 2914 42 1.0000
from 2854 42 1.0000
she 2805 42 1.0000
thei 2705 42 1.0000
at 2644 42 1.0000
or 2568 42 1.0000
which 2543 42 1.0000
let 2474 42 1.0000
here 2439 42 1.0000
more 2429 42 1.0000
would 2415 42 1.0000
wa 2401 42 1.0000
well 2349 42 1.0000
their 2344 42 1.0000
then 2334 42 1.0000
how 2291 42 1.0000
there 2284 42 1.0000
make 2228 42 1.0000
am 2217 42 1.0000
when 2178 42 1.0000
us 2133 42 1.0000
sai 2101 42 1.0000
like 2091 42 1.0000
them 2088 42 1.0000
know 2081 42 1.0000
man 2076 42 1.0000
hath 2035 42 1.0000
than 1952 42 1.0000
an 1910 42 1.0000
go 1880 42 1.0000
upon 1845 42 1.0000
did 1748 42 1.0000
mai 1741 42 1.0000
yet 1693 42 1.0000
were 1674 42 1.0000
should 1661 42 1.0000
see 1656 42 1.0000
give 1627 42 1.0000
must 1564 42 1.0000
had 1534 42 1.0000
why 1534 42 1.0000
ti 1502 42 1.0000
such 1498 42 1.0000
out 1479 42 1.0000
where 1469 42 1.0000
who 1424 42 1.0000
take 1419 42 1.0000
time 1414 42 1.0000
some 1412 42 1.0000
these 1377 42 1.0000
heart 1360 42 1.0000
too 1303 42 1.0000
ey 1281 42 1.0000
look 1270 42 1.0000
mine 1252 42 1.0000
hand 1240 42 1.0000
most 1222 42 1.0000
think 1220 42 1.0000
tell 1198 42 1.0000
up 1159 42 1.0000
father 1153 42 1.0000
er 1088 42 1.0000
never 1088 42 1.0000
doth 1080 42 1.0000
much 1075 42 1.0000
hear 1045 42 1.0000
nor 1034 42 1.0000
men 1022 42 1.0000
live 1014 42 1.0000
master 981 42 1.0000
word 969 42 1.0000
fear 954 42 1.0000
other 951 42 1.0000
life 948 42 1.0000
sweet 890 42 1.0000
made 877 42 1.0000
thing 868 42 1.0000
heaven 861 42 1.0000
true 857 42 1.0000
fair 855 42 1.0000
ani 846 42 1.0000
thu 823 42 1.0000
own 816 42 1.0000
again 803 42 1.0000
leav 792 42 1.0000
been 742 42 1.0000
blood 732 42 1.0000
part 723 42 1.0000
world 721 42 1.0000
old 714 42 1.0000
done 707 42 1.0000
grace 695 42 1.0000
down 690 42 1.0000
whose 689 42 1.0000
poor 687 42 1.0000
thought 685 42 1.0000
head 681 42 1.0000
wai 677 42 1.0000
though 676 42 1.0000
both 673 42 1.0000
till 671 42 1.0000
could 669 42 1.0000
even 669 42 1.0000
into 662 42 1.0000
ever 659 42 1.0000
show 650 42 1.0000
still 639 42 1.0000
find 619 42 1.0000
myself 618 42 1.0000
against 611 42 1.0000
fool 609 42 1.0000
new 606 42 1.0000
mani 604 42 1.0000
those 601 42 1.0000
everi 595 42 1.0000
face 590 42 1.0000
place 573 42 1.0000
follow 572 42 1.0000
peac 569 42 1.0000
long 553 42 1.0000
set 551 42 1.0000
tongu 542 42 1.0000
might 541 42 1.0000
wit 527 42 1.0000
off 521 42 1.0000
littl 514 42 1.0000
natur 506 42 1.0000
none 498 42 1.0000
thine 488 42 1.0000
himself 486 42 1.0000
mind 486 42 1.0000
best 482 42 1.0000
sinc 480 42 1.0000
hour 478 42 1.0000
turn 477 42 1.0000
fall 473 42 1.0000
high 472 42 1.0000
whom 468 42 1.0000
full 459 42 1.0000
seem 456 42 1.0000
onc 449 42 1.0000
els 430 42 1.0000
plai 426 42 1.0000
said 410 42 1.0000
right 404 42 1.0000
spirit 401 42 1.0000
forth 397 42 1.0000
reason 397 42 1.0000
attend 396 42 1.0000
desir 392 42 1.0000
without 386 42 1.0000
breath 379 42 1.0000
need 377 42 1.0000
henc 375 42 1.0000
kind 372 42 1.0000
light 372 42 1.0000
heard 366 42 1.0000
came 363 42 1.0000
truth 363 42 1.0000
earth 349 42 1.0000
fals 346 42 1.0000
wish 326 42 1.0000
last 325 42 1.0000
sit 321 42 1.0000
ill 316 42 1.0000
piti 307 42 1.0000
saw 294 42 1.0000
li 278 42 1.0000
sun 278 42 1.0000
each 270 42 1.0000
ag 261 42 1.0000
content 236 42 1.0000
move 235 42 1.0000
touch 231 42 1.0000
want 230 42 1.0000
voic 228 42 1.0000
ask 223 42 1.0000
promis 218 42 1.0000
brought 215 42 1.0000
note 212 42 1.0000
hard 203 42 1.0000
suffer 182 42 1.0000
sever 147 42 1.0000
d 5722 41 0.9762
speak 1420 41 0.9762
first 1369 41 0.9762
can 1304 41 0.9762
dai 1229 41 0.9762
t 1181 41 0.9762
great 1023 41 0.9762
death 1010 41 0.9762
art 977 41 0.9762
night 977 41 0.9762
honour 955 41 0.9762
hast 944 41 0.9762
friend 935 41 0.9762
call 932 41 0.9762
befor 861 41 0.9762
veri 823 41 0.9762
stand 800 41 0.9762
ay 794 41 0.9762
bear 794 41 0.9762
name 790 41 0.9762
cannot 788 41 0.9762
st 788 41 0.9762
noth 660 41 0.9762
therefor 651 41 0.9762
mean 650 41 0.9762
better 636 41 0.9762
keep 620 41 0.9762
soul 603 41 0.9762
put 591 41 0.9762
mark 562 41 0.9762
pleas 531 41 0.9762
stai 529 41 0.9762
fortun 523 41 0.9762
within 516 41 0.9762
die 510 41 0.9762
answer 491 41 0.9762
gone 486 41 0.9762
young 482 41 0.9762
anoth 478 41 0.9762
hope 466 41 0.9762
unto 461 41 0.9762
inde 450 41 0.9762
end 449 41 0.9762
bid 448 41 0.9762
after 441 41 0.9762
gentl 419 41 0.9762
about 414 41 0.9762
shame 414 41 0.9762
rest 400 41 0.9762
matter 394 41 0.9762
wrong 392 41 0.9762
caus 380 41 0.9762
sleep 379 41 0.9762
help 370 41 0.9762
thousand 358 41 0.9762
bodi 357 41 0.9762
act 355 41 0.9762
while 354 41 0.9762
lie 348 41 0.9762
hang 346 41 0.9762
get 344 41 0.9762
lai 344 41 0.9762
break 336 41 0.9762
onli 336 41 0.9762
youth 335 41 0.9762
prove 329 41 0.9762
rather 329 41 0.9762
under 307 41 0.9762
strang 303 41 0.9762
far 302 41 0.9762
seek 302 41 0.9762
weep 297 41 0.9762
lost 285 41 0.9762
draw 284 41 0.9762
seen 284 41 0.9762
run 283 41 0.9762
prais 281 41 0.9762
virtu 275 41 0.9762
wear 267 41 0.9762
work 264 41 0.9762
grow 262 41 0.9762
ne 256 41 0.9762
fit 254 41 0.9762
gave 251 41 0.9762
told 245 41 0.9762
late 243 41 0.9762
found 242 41 0.9762
gold 237 41 0.9762
doubt 236 41 0.9762
over 235 41 0.9762
becom 231 41 0.9762
pleasur 231 41 0.9762
worth 228 41 0.9762
yield 224 41 0.9762
behold 220 41 0.9762
bound 218 41 0.9762
sad 216 41 0.9762
begin 210 41 0.9762
forc 210 41 0.9762
free 208 41 0.9762
common 207 41 0.9762
burn 199 41 0.9762
water 198 41 0.9762
cours 193 41 0.9762
affect 187 41 0.9762
cheek 186 41 0.9762
sake 185 41 0.9762
white 181 41 0.9762
next 172 41 0.9762
feel 165 41 0.9762
past 165 41 0.9762
soon 156 41 0.9762
seal 127 41 0.9762
lord 3780 40 0.9524
ll 2487 40 0.9524
enter 2465 40 0.9524
god 1281 40 0.9524
ladi 1158 40 0.9524
awai 891 40 0.9524
son 833 40 0.9524
prai 806 40 0.9524
two 707 40 0.9524
hous 615 40 0.9524
hold 595 40 0.9524
dead 587 40 0.9524
bring 547 40 0.9524
ye 527 40 0.9524
dear 477 40 0.9524
faith 468 40 0.9524
power 463 40 0.9524
mother 452 40 0.9524
dost 448 40 0.9524
present 447 40 0.9524
tear 425 40 0.9524
woman 425 40 0.9524
kill 418 40 0.9524
three 418 40 0.9524
meet 411 40 0.9524
ear 409 40 0.9524
back 393 40 0.9524
welcom 392 40 0.9524
bed 375 40 0.9524
home 375 40 0.9524
farewel 361 40 0.9524
state 349 40 0.9524
mad 344 40 0.9524
fire 340 40 0.9524
law 338 40 0.9524
sea 337 40 0.9524
wilt 334 40 0.9524
same 331 40 0.9524
swear 329 40 0.9524
pardon 327 40 0.9524
hors 326 40 0.9524
enough 325 40 0.9524
kiss 321 40 0.9524
serv 320 40 0.9524
grief 314 40 0.9524
care 312 40 0.9524
sound 304 40 0.9524
through 304 40 0.9524
command 298 40 0.9524
happi 285 40 0.9524
purpos 284 40 0.9524
save 284 40 0.9524
talk 281 40 0.9524
believ 279 40 0.9524
bless 279 40 0.9524
wind 273 40 0.9524
sent 271 40 0.9524
left 267 40 0.9524
charg 260 40 0.9524
comfort 253 40 0.9524
joi 250 40 0.9524
sight 248 40 0.9524
appear 246 40 0.9524
lose 246 40 0.9524
sick 246 40 0.9524
rememb 245 40 0.9524
alon 238 40 0.9524
di 236 40 0.9524
cold 228 40 0.9524
deni 221 40 0.9524
air 215 40 0.9524
receiv 208 40 0.9524
rich 208 40 0.9524
open 207 40 0.9524
trust 205 40 0.9524
lead 204 40 0.9524
known 197 40 0.9524
suit 195 40 0.9524
neither 194 40 0.9524
ground 193 40 0.9524
wonder 193 40 0.9524
goe 186 40 0.9524
pain 186 40 0.9524
canst 185 40 0.9524
either 183 40 0.9524
deep 177 40 0.9524
took 176 40 0.9524
toward 176 40 0.9524
hot 175 40 0.9524
wors 174 40 0.9524
pluck 172 40 0.9524
bosom 167 40 0.9524
labour 161 40 0.9524
manner 161 40 0.9524
sometim 157 40 0.9524
besid 152 40 0.9524
drop 152 40 0.9524
shake 147 40 0.9524
laugh 146 40 0.9524
tale 145 40 0.9524
quit 141 40 0.9524
assur 138 40 0.9524
shape 134 40 0.9524
stop 133 40 0.9524
low 117 40 0.9524
held 90 40 0.9524
king 3260 39 0.9286
nobl 694 39 0.9286
second 654 39 0.9286
nai 601 39 0.9286
arm 526 39 0.9286
thank 521 39 0.9286
crown 398 39 0.9286
read 356 39 0.9286
morrow 353 39 0.9286
sure 344 39 0.9286
offic 324 39 0.9286
shalt 315 39 0.9286
beauti 314 39 0.9286
hither 308 39 0.9286
born 304 39 0.9286
year 300 39 0.9286
return 294 39 0.9286
sorrow 290 39 0.9286
dare 288 39 0.9286
fault 287 39 0.9286
fly 281 39 0.9286
worthi 270 39 0.9286
sing 268 39 0.9286
togeth 268 39 0.9286
cry 266 39 0.9286
gener 257 39 0.9286
pass 254 39 0.9286
side 252 39 0.9286
half 248 39 0.9286
between 244 39 0.9286
ala 235 39 0.9286
wound 235 39 0.9286
proud 232 39 0.9286
less 229 39 0.9286
holi 221 39 0.9286
foot 220 39 0.9286
learn 220 39 0.9286
strike 215 39 0.9286
strong 215 39 0.9286
merci 208 39 0.9286
cut 205 39 0.9286
heavi 205 39 0.9286
door 203 39 0.9286
favour 203 39 0.9286
black 200 39 0.9286
warrant 199 39 0.9286
walk 198 39 0.9286
mouth 194 39 0.9286
blow 190 39 0.9286
didst 190 39 0.9286
women 190 39 0.9286
tender 188 39 0.9286
eat 186 39 0.9286
vow 184 39 0.9286
smile 173 39 0.9286
gate 172 39 0.9286
commend 167 39 0.9286
wast 165 39 0.9286
carri 158 39 0.9286
lest 157 39 0.9286
plain 156 39 0.9286
grant 152 39 0.9286
cri 146 39 0.9286
sport 146 39 0.9286
self 145 39 0.9286
soft 138 39 0.9286
behind 133 39 0.9286
often 132 39 0.9286
wing 119 39 0.9286
embrac 116 39 0.9286
quick 116 39 0.9286
marri 538 38 0.9048
wife 522 38 0.9048
boi 517 38 0.9048
fellow 404 38 0.9048
iii 335 38 0.9048
iv 335 38 0.9048
fight 324 38 0.9048
ii 319 38 0.9048
send 314 38 0.9048
honest 304 38 0.9048
land 299 38 0.9048
yourself 295 38 0.9048
deed 288 38 0.9048
devil 287 38 0.9048
hate 287 38 0.9048
court 286 38 0.9048
busi 276 38 0.9048
near 272 38 0.9048
foul 270 38 0.9048
itself 263 38 0.9048
v 258 38 0.9048
maid 253 38 0.9048
chang 248 38 0.9048
grave 245 38 0.9048
danger 242 38 0.9048
thyself 239 38 0.9048
reveng 238 38 0.9048
oath 224 38 0.9048
compani 219 38 0.9048
drink 219 38 0.9048
base 206 38 0.9048
wise 206 38 0.9048
point 204 38 0.9048
patienc 202 38 0.9048
becaus 196 38 0.9048
countri 193 38 0.9048
subject 191 38 0.9048
person 190 38 0.9048
duti 186 38 0.9048
hell 185 38 0.9048
confess 178 38 0.9048
themselv 174 38 0.9048
rage 173 38 0.9048
fast 168 38 0.9048
almost 167 38 0.9048
knew 167 38 0.9048
pale 167 38 0.9048
offer 166 38 0.9048
abov 164 38 0.9048
bold 163 38 0.9048
unless 163 38 0.9048
scorn 159 38 0.9048
counsel 157 38 0.9048
respect 157 38 0.9048
brain 153 38 0.9048
flesh 152 38 0.9048
weak 151 38 0.9048
passion 149 38 0.9048
book 148 38 0.9048
offenc 148 38 0.9048
prepar 147 38 0.9048
hide 145 38 0.9048
bad 142 38 0.9048
vile 142 38 0.9048
glad 140 38 0.9048
teach 140 38 0.9048
mortal 138 38 0.9048
whole 131 38 0.9048
feed 130 38 0.9048
case 128 38 0.9048
stir 128 38 0.9048
steal 124 38 0.9048
ow 123 38 0.9048
longer 122 38 0.9048
effect 118 38 0.9048
herself 114 38 0.9048
patient 112 38 0.9048
doubl 107 38 0.9048
deceiv 100 38 0.9048
round 97 38 0.9048
catch 95 38 0.9048
provid 76 38 0.9048
sir 3033 37 0.8810
exeunt 1061 37 0.8810
exit 977 37 0.8810
mistress 809 37 0.8810
scene 791 37 0.8810
brother 699 37 0.8810
daughter 515 37 0.8810
servant 488 37 0.8810
asid 432 37 0.8810
re 429 37 0.8810
sword 427 37 0.8810
letter 379 37 0.8810
husband 373 37 0.8810
villain 312 37 0.8810
enemi 287 37 0.8810
child 265 37 0.8810
servic 264 37 0.8810
speed 257 37 0.8810
sin 246 37 0.8810
beseech 240 37 0.8810
peopl 231 37 0.8810
prison 226 37 0.8810
lip 209 37 0.8810
graciou 203 37 0.8810
given 199 37 0.8810
beat 196 37 0.8810
deliv 195 37 0.8810
colour 188 37 0.8810
pai 188 37 0.8810
report 188 37 0.8810
certain 186 37 0.8810
morn 185 37 0.8810
someth 185 37 0.8810
slave 179 37 0.8810
question 177 37 0.8810
merri 175 37 0.8810
sens 174 37 0.8810
straight 165 37 0.8810
hair 161 37 0.8810
just 157 37 0.8810
speech 157 37 0.8810
oft 156 37 0.8810
wretch 156 37 0.8810
offend 154 37 0.8810
four 152 37 0.8810
methink 151 37 0.8810
wherein 149 37 0.8810
stone 147 37 0.8810
withal 146 37 0.8810
feast 144 37 0.8810
close 143 37 0.8810
wherefor 143 37 0.8810
met 141 37 0.8810
strength 137 37 0.8810
star 134 37 0.8810
chanc 133 37 0.8810
cross 130 37 0.8810
possess 128 37 0.8810
creatur 126 37 0.8810
cast 123 37 0.8810
short 121 37 0.8810
forget 120 37 0.8810
finger 118 37 0.8810
perceiv 115 37 0.8810
term 114 37 0.8810
perfect 111 37 0.8810
wild 111 37 0.8810
wait 102 37 0.8810
foolish 100 37 0.8810
greater 97 37 0.8810
pure 96 37 0.8810
heat 89 37 0.8810
privat 85 37 0.8810
ha 636 36 0.8571
war 419 36 0.8571
murder 378 36 0.8571
messeng 340 36 0.8571
quickli 258 36 0.8571
field 238 36 0.8571
woe 229 36 0.8571
music 228 36 0.8571
dog 212 36 0.8571
yea 205 36 0.8571
dream 203 36 0.8571
curs 199 36 0.8571
deserv 198 36 0.8571
write 178 36 0.8571
excel 174 36 0.8571
fare 174 36 0.8571
truli 174 36 0.8571
twenti 169 36 0.8571
twa 167 36 0.8571
readi 166 36 0.8571
alreadi 150 36 0.8571
lack 148 36 0.8571
loss 148 36 0.8571
entreat 144 36 0.8571
five 144 36 0.8571
form 144 36 0.8571
dark 141 36 0.8571
fell 141 36 0.8571
prayer 139 36 0.8571
sworn 138 36 0.8571
win 138 36 0.8571
breast 134 36 0.8571
lend 134 36 0.8571
anon 133 36 0.8571
troubl 133 36 0.8571
brow 131 36 0.8571
children 131 36 0.8571
fashion 128 36 0.8571
abus 121 36 0.8571
health 121 36 0.8571
beg 119 36 0.8571
leg 117 36 0.8571
weari 112 36 0.8571
excus 111 36 0.8571
bui 110 36 0.8571
least 108 36 0.8571
tast 108 36 0.8571
kept 107 36 0.8571
entertain 106 36 0.8571
golden 106 36 0.8571
opinion 106 36 0.8571
bone 103 36 0.8571
rule 103 36 0.8571
view 103 36 0.8571
intend 100 36 0.8571
wash 98 36 0.8571
bow 94 36 0.8571
forgot 93 36 0.8571
try 92 36 0.8571
forbid 83 36 0.8571
shouldst 80 36 0.8571
top 78 36 0.8571
whisper 66 36 0.8571
princ 935 35 0.8333
gentleman 575 35 0.8333
bloodi 240 35 0.8333
further 214 35 0.8333
gentlemen 211 35 0.8333
watch 184 35 0.8333
humbl 153 35 0.8333
spoke 153 35 0.8333
throw 151 35 0.8333
flower 150 35 0.8333
en 149 35 0.8333
room 149 35 0.8333
piec 145 35 0.8333
sigh 142 35 0.8333
heir 141 35 0.8333
poison 136 35 0.8333
issu 135 35 0.8333
harm 133 35 0.8333
wouldst 133 35 0.8333
pretti 130 35 0.8333
remain 130 35 0.8333
fill 127 35 0.8333
twere 126 35 0.8333
coward 125 35 0.8333
rise 125 35 0.8333
dull 124 35 0.8333
measur 124 35 0.8333
whether 117 35 0.8333
breed 115 35 0.8333
beast 113 35 0.8333
choos 113 35 0.8333
jewel 110 35 0.8333
presenc 110 35 0.8333
beggar 108 35 0.8333
fresh 108 35 0.8333
gainst 107 35 0.8333
stood 107 35 0.8333
birth 106 35 0.8333
acquaint 105 35 0.8333
secret 99 35 0.8333
motion 97 35 0.8333
drawn 96 35 0.8333
taken 96 35 0.8333
quiet 93 35 0.8333
thither 93 35 0.8333
expect 91 35 0.8333
commit 90 35 0.8333
winter 87 35 0.8333
proce 85 35 0.8333
temper 80 35 0.8333
rain 79 35 0.8333
deal 78 35 0.8333
teeth 61 35 0.8333
queen 1010 34 0.8095
soldier 480 34 0.8095
justic 256 34 0.8095
royal 233 34 0.8095
sister 224 34 0.8095
brave 217 34 0.8095
ring 190 34 0.8095
ten 162 34 0.8095
action 153 34 0.8095
sirrah 149 34 0.8095
lion 147 34 0.8095
fetch 134 34 0.8095
shadow 129 34 0.8095
pride 127 34 0.8095
understand 126 34 0.8095
paper 120 34 0.8095
consent 119 34 0.8095
along 117 34 0.8095
gift 117 34 0.8095
order 113 34 0.8095
rose 113 34 0.8095
post 112 34 0.8095
writ 112 34 0.8095
buri 111 34 0.8095
delight 111 34 0.8095
red 111 34 0.8095
worst 111 34 0.8095
hadst 108 34 0.8095
went 108 34 0.8095
stain 106 34 0.8095
angri 105 34 0.8095
summer 103 34 0.8095
shine 102 34 0.8095
virtuou 102 34 0.8095
small 101 34 0.8095
proof 99 34 0.8095
aliv 98 34 0.8095
groan 96 34 0.8095
scarc 95 34 0.8095
neck 93 34 0.8095
occas 93 34 0.8095
sorri 93 34 0.8095
whenc 93 34 0.8095
griev 92 34 0.8095
observ 92 34 0.8095
whither 92 34 0.8095
tune 91 34 0.8095
idl 90 34 0.8095
depart 86 34 0.8095
crave 82 34 0.8095
swift 81 34 0.8095
divin 80 34 0.8095
spare 79 34 0.8095
dwell 78 34 0.8095
desert 77 34 0.8095
furi 76 34 0.8095
spent 76 34 0.8095
infect 72 34 0.8095
mountain 72 34 0.8095
third 259 33 0.7857
ho 214 33 0.7857
traitor 213 33 0.7857
guard 179 33 0.7857
wall 167 33 0.7857
sovereign 166 33 0.7857
fie 163 33 0.7857
mock 163 33 0.7857
moon 152 33 0.7857
foe 150 33 0.7857
damn 132 33 0.7857
dread 130 33 0.7857
titl 127 33 0.7857
wake 123 33 0.7857
knee 120 33 0.7857
fine 119 33 0.7857
drown 117 33 0.7857
nois 117 33 0.7857
beard 116 33 0.7857
cheer 112 33 0.7857
blind 109 33 0.7857
wisdom 109 33 0.7857
blame 108 33 0.7857
match 106 33 0.7857
paint 105 33 0.7857
endur 103 33 0.7857
obei 103 33 0.7857
spring 102 33 0.7857
brief 99 33 0.7857
practis 99 33 0.7857
won 99 33 0.7857
demand 95 33 0.7857
evil 95 33 0.7857
bestow 93 33 0.7857
dispatch 93 33 0.7857
heel 91 33 0.7857
line 91 33 0.7857
clear 89 33 0.7857
rais 89 33 0.7857
although 88 33 0.7857
sharp 88 33 0.7857
trick 88 33 0.7857
thrice 86 33 0.7857
whereof 86 33 0.7857
advis 85 33 0.7857
govern 85 33 0.7857
rough 83 33 0.7857
larg 82 33 0.7857
steel 82 33 0.7857
intent 80 33 0.7857
bend 79 33 0.7857
encount 79 33 0.7857
throne 78 33 0.7857
continu 77 33 0.7857
advanc 74 33 0.7857
lodg 74 33 0.7857
consid 73 33 0.7857
protest 73 33 0.7857
loath 67 33 0.7857
persuad 64 33 0.7857
prevent 62 33 0.7857
stream 49 33 0.7857
madam 532 32 0.7619
monei 190 32 0.7619
ah 174 32 0.7619
citi 163 32 0.7619
got 131 32 0.7619
treason 126 32 0.7619
flatter 122 32 0.7619
silenc 120 32 0.7619
hundr 119 32 0.7619
awak 112 32 0.7619
number 109 32 0.7619
wert 108 32 0.7619
song 106 32 0.7619
blush 104 32 0.7619
thenc 102 32 0.7619
folli 101 32 0.7619
forward 100 32 0.7619
laid 100 32 0.7619
vain 98 32 0.7619
among 95 32 0.7619
visit 94 32 0.7619
sort 93 32 0.7619
advantag 92 32 0.7619
greet 91 32 0.7619
rude 91 32 0.7619
broke 90 32 0.7619
glass 89 32 0.7619
bright 88 32 0.7619
qualiti 87 32 0.7619
lo 86 32 0.7619
nose 86 32 0.7619
sudden 84 32 0.7619
cun 81 32 0.7619
bare 80 32 0.7619
list 79 32 0.7619
aught 78 32 0.7619
cruel 78 32 0.7619
smell 78 32 0.7619
wanton 78 32 0.7619
devis 77 32 0.7619
dry 77 32 0.7619
reput 77 32 0.7619
twice 76 32 0.7619
utter 76 32 0.7619
extrem 74 32 0.7619
imagin 73 32 0.7619
worm 73 32 0.7619
loud 72 32 0.7619
admir 70 32 0.7619
borrow 69 32 0.7619
proper 69 32 0.7619
empti 67 32 0.7619
figur 67 32 0.7619
flood 67 32 0.7619
sore 66 32 0.7619
aim 64 32 0.7619
fright 63 32 0.7619
nought 63 32 0.7619
dispos 60 32 0.7619
object 60 32 0.7619
proceed 59 32 0.7619
purchas 56 32 0.7619
cool 55 32 0.7619
hereaft 52 32 0.7619
doe 343 31 0.7381
knave 220 31 0.7381
valiant 159 31 0.7381
chamber 158 31 0.7381
hark 157 31 0.7381
woo 150 31 0.7381
conscienc 132 31 0.7381
judgment 129 31 0.7381
marriag 128 31 0.7381
simpl 127 31 0.7381
worship 125 31 0.7381
green 124 31 0.7381
whilst 122 31 0.7381
mighti 120 31 0.7381
judg 116 31 0.7381
ourselv 116 31 0.7381
tide 116 31 0.7381
hurt 113 31 0.7381
perform 112 31 0.7381
valour 112 31 0.7381
adieu 104 31 0.7381
bird 103 31 0.7381
slander 96 31 0.7381
angel 95 31 0.7381
join 95 31 0.7381
frown 93 31 0.7381
author 91 31 0.7381
ignor 89 31 0.7381
cure 87 31 0.7381
resolv 86 31 0.7381
forgiv 85 31 0.7381
preciou 84 31 0.7381
rank 84 31 0.7381
struck 84 31 0.7381
satisfi 83 31 0.7381
direct 82 31 0.7381
disgrac 82 31 0.7381
spend 82 31 0.7381
affair 81 31 0.7381
until 81 31 0.7381
mar 80 31 0.7381
mend 80 31 0.7381
suppos 79 31 0.7381
frame 78 31 0.7381
merit 78 31 0.7381
odd 77 31 0.7381
safeti 76 31 0.7381
weigh 76 31 0.7381
desper 75 31 0.7381
enjoi 75 31 0.7381
anger 73 31 0.7381
equal 72 31 0.7381
counterfeit 71 31 0.7381
prize 69 31 0.7381
easi 68 31 0.7381
lean 68 31 0.7381
alwai 67 31 0.7381
fruit 67 31 0.7381
conceit 64 31 0.7381
solemn 64 31 0.7381
womb 64 31 0.7381
therein 63 31 0.7381
bred 61 31 0.7381
bark 60 31 0.7381
compass 57 31 0.7381
salt 54 31 0.7381
ripe 50 31 0.7381
bastard 213 30 0.7143
trumpet 173 30 0.7143
saint 141 30 0.7143
street 136 30 0.7143
lover 132 30 0.7143
jest 129 30 0.7143
e 128 30 0.7143
quarrel 126 30 0.7143
plagu 119 30 0.7143
danc 115 30 0.7143
safe 114 30 0.7143
awhil 106 30 0.7143
cloud 104 30 0.7143
tree 100 30 0.7143
approach 99 30 0.7143
ta 99 30 0.7143
studi 96 30 0.7143
fled 93 30 0.7143
gain 93 30 0.7143
jove 93 30 0.7143
thunder 91 30 0.7143
condit 90 30 0.7143
lament 87 30 0.7143
silver 87 30 0.7143
mere 85 30 0.7143
knowledg 84 30 0.7143
obedi 82 30 0.7143
request 82 30 0.7143
success 82 30 0.7143
argument 81 30 0.7143
repent 80 30 0.7143
corrupt 78 30 0.7143
lock 77 30 0.7143
trembl 77 30 0.7143
twixt 77 30 0.7143
wrath 77 30 0.7143
chide 76 30 0.7143
discours 74 30 0.7143
enforc 74 30 0.7143
spite 74 30 0.7143
eas 72 30 0.7143
amaz 71 30 0.7143
injuri 71 30 0.7143
confound 70 30 0.7143
few 70 30 0.7143
weed 70 30 0.7143
treasur 69 30 0.7143
dust 67 30 0.7143
food 67 30 0.7143
habit 67 30 0.7143
shut 67 30 0.7143
season 66 30 0.7143
skill 66 30 0.7143
despit 65 30 0.7143
disguis 65 30 0.7143
renown 65 30 0.7143
stuff 65 30 0.7143
fli 64 30 0.7143
marvel 64 30 0.7143
regard 64 30 0.7143
broken 63 30 0.7143
heavenli 63 30 0.7143
profit 63 30 0.7143
warm 63 30 0.7143
account 62 30 0.7143
swell 62 30 0.7143
accord 61 30 0.7143
hollow 60 30 0.7143
below 59 30 0.7143
leap 57 30 0.7143
sweat 56 30 0.7143
taught 56 30 0.7143
nake 55 30 0.7143
repair 54 30 0.7143
unkind 54 30 0.7143
build 53 30 0.7143
delai 53 30 0.7143
cost 51 30 0.7143
school 49 30 0.7143
guid 48 30 0.7143
event 44 30 0.7143
palac 163 29 0.6905
town 157 29 0.6905
knock 141 29 0.6905
flourish 137 29 0.6905
troth 108 29 0.6905
bond 101 29 0.6905
shore 95 29 0.6905
execut 92 29 0.6905
retir 92 29 0.6905
bitter 91 29 0.6905
clock 91 29 0.6905
courag 89 29 0.6905
courtesi 89 29 0.6905
innoc 88 29 0.6905
fail 85 29 0.6905
stori 84 29 0.6905
goodli 83 29 0.6905
proclaim 83 29 0.6905
storm 83 29 0.6905
faint 76 29 0.6905
melancholi 76 29 0.6905
betrai 75 29 0.6905
led 75 29 0.6905
cloth 74 29 0.6905
disdain 74 29 0.6905
hit 74 29 0.6905
mayst 74 29 0.6905
sum 74 29 0.6905
fate 72 29 0.6905
fond 72 29 0.6905
prosper 72 29 0.6905
vice 72 29 0.6905
leisur 71 29 0.6905
memori 70 29 0.6905
thrive 70 29 0.6905
aid 69 29 0.6905
c 69 29 0.6905
differ 69 29 0.6905
limb 69 29 0.6905
melt 69 29 0.6905
minist 69 29 0.6905
guest 67 29 0.6905
twill 67 29 0.6905
thrust 66 29 0.6905
supper 65 29 0.6905
trial 65 29 0.6905
stomach 64 29 0.6905
start 63 29 0.6905
abroad 62 29 0.6905
estat 62 29 0.6905
peril 62 29 0.6905
step 62 29 0.6905
strive 62 29 0.6905
wide 62 29 0.6905
wither 62 29 0.6905
abl 61 29 0.6905
drive 61 29 0.6905
scape 61 29 0.6905
seiz 59 29 0.6905
contrari 58 29 0.6905
tempt 58 29 0.6905
add 57 29 0.6905
companion 57 29 0.6905
rate 57 29 0.6905
store 57 29 0.6905
conclud 56 29 0.6905
spur 56 29 0.6905
tire 56 29 0.6905
durst 55 29 0.6905
fix 55 29 0.6905
prei 54 29 0.6905
swallow 54 29 0.6905
pierc 53 29 0.6905
resolut 49 29 0.6905
big 48 29 0.6905
repli 45 29 0.6905
furnish 44 29 0.6905
bent 42 29 0.6905
nice 42 29 0.6905
knot 41 29 0.6905
captain 223 28 0.6667
prithe 215 28 0.6667
banish 204 28 0.6667
humour 138 28 0.6667
kingdom 132 28 0.6667
glori 116 28 0.6667
purs 103 28 0.6667
train 95 28 0.6667
sign 93 28 0.6667
honesti 90 28 0.6667
bleed 88 28 0.6667
due 88 28 0.6667
amen 83 28 0.6667
month 83 28 0.6667
n 83 28 0.6667
plot 81 28 0.6667
liberti 80 28 0.6667
stranger 80 28 0.6667
dishonour 79 28 0.6667
throat 79 28 0.6667
remov 78 28 0.6667
choic 76 28 0.6667
root 76 28 0.6667
roar 75 28 0.6667
tyrant 75 28 0.6667
yonder 75 28 0.6667
tabl 74 28 0.6667
yourselv 74 28 0.6667
singl 70 28 0.6667
mount 69 28 0.6667
gross 67 28 0.6667
possibl 67 28 0.6667
window 67 28 0.6667
debt 66 28 0.6667
minut 65 28 0.6667
shoulder 65 28 0.6667
belov 63 28 0.6667
beyond 63 28 0.6667
public 63 28 0.6667
pursu 63 28 0.6667
rock 63 28 0.6667
sooner 63 28 0.6667
wont 63 28 0.6667
former 62 28 0.6667
discov 61 28 0.6667
dote 61 28 0.6667
heed 61 28 0.6667
hill 61 28 0.6667
pictur 61 28 0.6667
ruin 61 28 0.6667
six 61 28 0.6667
determin 60 28 0.6667
mirth 60 28 0.6667
spoken 60 28 0.6667
tread 60 28 0.6667
undertak 60 28 0.6667
etern 58 28 0.6667
beguil 57 28 0.6667
tame 57 28 0.6667
absenc 56 28 0.6667
blest 56 28 0.6667
crow 56 28 0.6667
greatest 56 28 0.6667
guess 56 28 0.6667
mistak 56 28 0.6667
rail 56 28 0.6667
sooth 55 28 0.6667
conduct 54 28 0.6667
despis 54 28 0.6667
discharg 54 28 0.6667
chase 53 28 0.6667
hid 51 28 0.6667
inclin 51 28 0.6667
sacr 51 28 0.6667
threaten 51 28 0.6667
plant 50 28 0.6667
sink 50 28 0.6667
rash 49 28 0.6667
unknown 48 28 0.6667
feather 47 28 0.6667
kei 47 28 0.6667
conceiv 46 28 0.6667
snow 46 28 0.6667
shift 45 28 0.6667
fed 43 28 0.6667
henceforth 43 28 0.6667
rotten 43 28 0.6667
seest 43 28 0.6667
conceal 36 28 0.6667
majesti 283 27 0.6429
knight 212 27 0.6429
drum 156 27 0.6429
slain 136 27 0.6429
kneel 119 27 0.6429
ass 102 27 0.6429
monster 97 27 0.6429
guilti 93 27 0.6429
defend 90 27 0.6429
wine 85 27 0.6429
seat 84 27 0.6429
ride 77 27 0.6429
seven 77 27 0.6429
charm 76 27 0.6429
wealth 76 27 0.6429
fanci 74 27 0.6429
mourn 72 27 0.6429
remembr 72 27 0.6429
wive 72 27 0.6429
gallant 71 27 0.6429
garment 71 27 0.6429
victori 71 27 0.6429
envi 70 27 0.6429
remedi 70 27 0.6429
despair 69 27 0.6429
drunk 69 27 0.6429
forbear 69 27 0.6429
instrument 69 27 0.6429
hunt 68 27 0.6429
miseri 68 27 0.6429
prick 68 27 0.6429
fain 67 27 0.6429
gaze 67 27 0.6429
punish 67 27 0.6429
stroke 66 27 0.6429
revolt 65 27 0.6429
shed 64 27 0.6429
loos 62 27 0.6429
nine 62 27 0.6429
reverend 62 27 0.6429
confirm 61 27 0.6429
cover 61 27 0.6429
crack 61 27 0.6429
dy 61 27 0.6429
instant 61 27 0.6429
appoint 60 27 0.6429
custom 60 27 0.6429
vouchsaf 60 27 0.6429
ceas 59 27 0.6429
feet 59 27 0.6429
flight 59 27 0.6429
outward 59 27 0.6429
civil 58 27 0.6429
deadli 57 27 0.6429
nativ 57 27 0.6429
bounti 56 27 0.6429
constant 56 27 0.6429
credit 56 27 0.6429
gall 56 27 0.6429
swai 56 27 0.6429
wander 56 27 0.6429
lamb 55 27 0.6429
rever 55 27 0.6429
alter 54 27 0.6429
conjur 54 27 0.6429
mischief 54 27 0.6429
pick 54 27 0.6429
devic 53 27 0.6429
digniti 53 27 0.6429
suddenli 53 27 0.6429
beaten 52 27 0.6429
boast 51 27 0.6429
agre 50 27 0.6429
sky 50 27 0.6429
belong 47 27 0.6429
fee 47 27 0.6429
pair 47 27 0.6429
sought 46 27 0.6429
elder 45 27 0.6429
revel 45 27 0.6429
friendli 40 27 0.6429
height 38 27 0.6429
duke 1165 26 0.6190
battl 139 26 0.6190
lordship 134 26 0.6190
armi 108 26 0.6190
fame 97 26 0.6190
neighbour 86 26 0.6190
wench 86 26 0.6190
fiend 83 26 0.6190
ancient 82 26 0.6190
hail 81 26 0.6190
stock 77 26 0.6190
malic 76 26 0.6190
reign 73 26 0.6190
wick 72 26 0.6190
plead 70 26 0.6190
fought 69 26 0.6190
condemn 67 26 0.6190
imag 67 26 0.6190
paid 66 26 0.6190
monstrou 65 26 0.6190
slow 65 26 0.6190
diseas 64 26 0.6190
grown 64 26 0.6190
dumb 62 26 0.6190
bell 61 26 0.6190
chariti 61 26 0.6190
express 61 26 0.6190
maintain 61 26 0.6190
preserv 60 26 0.6190
rob 59 26 0.6190
secur 59 26 0.6190
smooth 58 26 0.6190
earli 57 26 0.6190
convei 56 26 0.6190
tempest 56 26 0.6190
sentenc 55 26 0.6190
meant 54 26 0.6190
spake 54 26 0.6190
approv 53 26 0.6190
strain 52 26 0.6190
afflict 51 26 0.6190
darest 51 26 0.6190
descend 51 26 0.6190
flow 51 26 0.6190
friendship 51 26 0.6190
confer 50 26 0.6190
edg 50 26 0.6190
neglect 50 26 0.6190
polici 49 26 0.6190
twelv 49 26 0.6190
assist 48 26 0.6190
avoid 48 26 0.6190
error 48 26 0.6190
perhap 48 26 0.6190
rush 48 26 0.6190
fairli 47 26 0.6190
vantag 47 26 0.6190
yoke 46 26 0.6190
appetit 45 26 0.6190
fold 45 26 0.6190
strife 45 26 0.6190
wrought 45 26 0.6190
dearli 44 26 0.6190
unworthi 44 26 0.6190
restor 43 26 0.6190
pearl 41 26 0.6190
bore 40 26 0.6190
sold 40 26 0.6190
abhor 39 26 0.6190
raven 38 26 0.6190
couch 34 26 0.6190
harsh 34 26 0.6190
vi 249 25 0.5952
nurs 232 25 0.5952
lieg 147 25 0.5952
count 141 25 0.5952
widow 131 25 0.5952
bottom 109 25 0.5952
horn 105 25 0.5952
dinner 98 25 0.5952
brook 94 25 0.5952
priest 84 25 0.5952
travel 81 25 0.5952
blunt 79 25 0.5952
urg 78 25 0.5952
main 73 25 0.5952
thief 73 25 0.5952
herald 72 25 0.5952
girl 71 25 0.5952
triumph 70 25 0.5952
except 69 25 0.5952
fish 67 25 0.5952
knife 67 25 0.5952
doom 66 25 0.5952
peer 66 25 0.5952
render 65 25 0.5952
maiden 62 25 0.5952
troop 61 25 0.5952
press 59 25 0.5952
undon 58 25 0.5952
bought 54 25 0.5952
divid 54 25 0.5952
modesti 54 25 0.5952
esteem 53 25 0.5952
necess 53 25 0.5952
chast 51 25 0.5952
suck 51 25 0.5952
tediou 50 25 0.5952
attempt 49 25 0.5952
provok 49 25 0.5952
spoil 49 25 0.5952
unhappi 49 25 0.5952
wreck 49 25 0.5952
apart 48 25 0.5952
fairest 48 25 0.5952
refus 48 25 0.5952
stick 48 25 0.5952
weight 48 25 0.5952
blown 47 25 0.5952
creep 47 25 0.5952
rag 47 25 0.5952
behalf 46 25 0.5952
chequ 46 25 0.5952
firm 46 25 0.5952
earnest 45 25 0.5952
familiar 44 25 0.5952
knit 44 25 0.5952
skin 44 25 0.5952
stamp 44 25 0.5952
task 44 25 0.5952
sting 43 25 0.5952
worn 43 25 0.5952
impati 42 25 0.5952
physic 42 25 0.5952
quench 42 25 0.5952
visag 42 25 0.5952
beam 41 25 0.5952
hardli 41 25 0.5952
length 41 25 0.5952
toil 41 25 0.5952
rejoic 37 25 0.5952
west 37 25 0.5952
wheel 35 25 0.5952
gentli 34 25 0.5952
choke 33 25 0.5952
slip 33 25 0.5952
manag 32 25 0.5952
easili 31 25 0.5952
cousin 286 24 0.5714
march 165 24 0.5714
quoth 110 24 0.5714
ship 100 24 0.5714
lust 95 24 0.5714
rascal 90 24 0.5714
wed 88 24 0.5714
whip 82 24 0.5714
sail 77 24 0.5714
meat 76 24 0.5714
usurp 72 24 0.5714
babe 70 24 0.5714
tomb 69 24 0.5714
allow 67 24 0.5714
parti 66 24 0.5714
degre 65 24 0.5714
search 65 24 0.5714
bite 63 24 0.5714
counten 63 24 0.5714
boot 60 24 0.5714
cup 60 24 0.5714
freeli 57 24 0.5714
dearest 56 24 0.5714
iron 56 24 0.5714
oppos 55 24 0.5714
reward 55 24 0.5714
vengeanc 55 24 0.5714
mile 54 24 0.5714
pour 54 24 0.5714
dew 52 24 0.5714
shot 52 24 0.5714
dish 51 24 0.5714
emploi 51 24 0.5714
fieri 51 24 0.5714
wink 51 24 0.5714
hie 50 24 0.5714
pace 50 24 0.5714
valu 50 24 0.5714
vein 50 24 0.5714
ventur 50 24 0.5714
bind 49 24 0.5714
flame 49 24 0.5714
pen 49 24 0.5714
perforc 49 24 0.5714
ceremoni 48 24 0.5714
depend 48 24 0.5714
imposs 48 24 0.5714
torment 48 24 0.5714
tortur 48 24 0.5714
advic 47 24 0.5714
paus 47 24 0.5714
thick 46 24 0.5714
began 45 24 0.5714
hat 44 24 0.5714
savag 42 24 0.5714
wipe 42 24 0.5714
amiss 40 24 0.5714
drew 40 24 0.5714
requit 40 24 0.5714
share 40 24 0.5714
sole 40 24 0.5714
vex 40 24 0.5714
deriv 39 24 0.5714
gait 39 24 0.5714
spot 39 24 0.5714
conclus 37 24 0.5714
rid 37 24 0.5714
asham 36 24 0.5714
shun 36 24 0.5714
week 36 24 0.5714
limit 35 24 0.5714
remors 34 24 0.5714
bait 33 24 0.5714
stale 30 24 0.5714
shallow 258 23 0.5476
tent 121 23 0.5476
chain 81 23 0.5476
rare 76 23 0.5476
cap 74 23 0.5476
challeng 69 23 0.5476
profess 68 23 0.5476
ransom 65 23 0.5476
gown 63 23 0.5476
asleep 61 23 0.5476
coat 59 23 0.5476
commiss 56 23 0.5476
dagger 56 23 0.5476
honei 55 23 0.5476
tarri 55 23 0.5476
amend 53 23 0.5476
contempt 53 23 0.5476
import 53 23 0.5476
stoop 53 23 0.5476
templ 53 23 0.5476
ambit 52 23 0.5476
confin 51 23 0.5476
leagu 51 23 0.5476
perchanc 51 23 0.5476
abid 48 23 0.5476
apparel 48 23 0.5476
circumst 48 23 0.5476
benefit 47 23 0.5476
confus 47 23 0.5476
convers 47 23 0.5476
pronounc 47 23 0.5476
miss 46 23 0.5476
passag 46 23 0.5476
sell 46 23 0.5476
tend 46 23 0.5476
arriv 45 23 0.5476
barren 45 23 0.5476
north 45 23 0.5476
twain 45 23 0.5476
decai 44 23 0.5476
exampl 44 23 0.5476
infinit 44 23 0.5476
invit 44 23 0.5476
reckon 44 23 0.5476
sour 44 23 0.5476
defenc 43 23 0.5476
midnight 43 23 0.5476
pack 43 23 0.5476
record 43 23 0.5476
token 43 23 0.5476
unfold 43 23 0.5476
felt 42 23 0.5476
oppress 42 23 0.5476
east 41 23 0.5476
privileg 41 23 0.5476
sauci 41 23 0.5476
score 41 23 0.5476
stronger 41 23 0.5476
discont 40 23 0.5476
distress 40 23 0.5476
gather 40 23 0.5476
pitch 40 23 0.5476
starv 39 23 0.5476
hall 38 23 0.5476
mate 38 23 0.5476
quarter 38 23 0.5476
kindli 37 23 0.5476
spit 37 23 0.5476
bai 36 23 0.5476
earthli 36 23 0.5476
gild 36 23 0.5476
milk 36 23 0.5476
spleen 36 23 0.5476
willingli 36 23 0.5476
defi 35 23 0.5476
ensu 35 23 0.5476
repos 34 23 0.5476
couldst 33 23 0.5476
hap 33 23 0.5476
linger 31 23 0.5476
shook 31 23 0.5476
sweetli 30 23 0.5476
corner 29 23 0.5476
rightli 28 23 0.5476
citizen 283 22 0.5238
uncl 207 22 0.5238
em 174 22 0.5238
jack 98 22 0.5238
accus 97 22 0.5238
river 87 22 0.5238
virgin 84 22 0.5238
wood 83 22 0.5238
fat 79 22 0.5238
claim 77 22 0.5238
weapon 71 22 0.5238
particular 68 22 0.5238
garden 65 22 0.5238
rebel 61 22 0.5238
sheep 61 22 0.5238
warlik 61 22 0.5238
instruct 60 22 0.5238
joint 55 22 0.5238
suspect 55 22 0.5238
conquer 52 22 0.5238
monument 52 22 0.5238
swore 52 22 0.5238
hazard 49 22 0.5238
kinsman 49 22 0.5238
methought 49 22 0.5238
modest 48 22 0.5238
trifl 48 22 0.5238
admit 47 22 0.5238
shortli 47 22 0.5238
creat 46 22 0.5238
cur 46 22 0.5238
liest 46 22 0.5238
band 45 22 0.5238
fierc 45 22 0.5238
hole 45 22 0.5238
invent 45 22 0.5238
afraid 44 22 0.5238
languag 44 22 0.5238
nail 44 22 0.5238
belik 43 22 0.5238
blot 43 22 0.5238
compar 43 22 0.5238
dove 43 22 0.5238
increas 43 22 0.5238
special 42 22 0.5238
breach 41 22 0.5238
conspir 41 22 0.5238
miser 41 22 0.5238
muse 41 22 0.5238
pate 41 22 0.5238
shoot 41 22 0.5238
suitor 41 22 0.5238
fairer 40 22 0.5238
fox 40 22 0.5238
terror 40 22 0.5238
distract 39 22 0.5238
inward 39 22 0.5238
pine 39 22 0.5238
silent 39 22 0.5238
stage 39 22 0.5238
undo 39 22 0.5238
wax 39 22 0.5238
infant 38 22 0.5238
lent 38 22 0.5238
op 38 22 0.5238
behavior 37 22 0.5238
confid 37 22 0.5238
slept 37 22 0.5238
spread 37 22 0.5238
whereon 37 22 0.5238
contain 36 22 0.5238
dismiss 36 22 0.5238
falsehood 36 22 0.5238
incens 36 22 0.5238
proport 36 22 0.5238
salut 36 22 0.5238
subtl 36 22 0.5238
surfeit 36 22 0.5238
devour 35 22 0.5238
journei 34 22 0.5238
moment 34 22 0.5238
nimbl 34 22 0.5238
blue 33 22 0.5238
venom 33 22 0.5238
clap 32 22 0.5238
sat 32 22 0.5238
threw 32 22 0.5238
forti 31 22 0.5238
newli 31 22 0.5238
obscur 31 22 0.5238
brag 30 22 0.5238
metal 30 22 0.5238
tooth 30 22 0.5238
scatter 29 22 0.5238
therebi 28 22 0.5238
mood 27 22 0.5238
necessari 27 22 0.5238
snatch 27 22 0.5238
string 27 22 0.5238
chief 103 21 0.5000
rogu 103 21 0.5000
ghost 98 21 0.5000
tower 98 21 0.5000
christian 82 21 0.5000
alack 80 21 0.5000
pound 71 21 0.5000
gentlewoman 65 21 0.5000
forsworn 64 21 0.5000
tailor 56 21 0.5000
villani 56 21 0.5000
prevail 54 21 0.5000
jealou 52 21 0.5000
complexion 51 21 0.5000
thiev 51 21 0.5000
recov 50 21 0.5000
trade 50 21 0.5000
bar 49 21 0.5000
violent 49 21 0.5000
concern 48 21 0.5000
forsooth 48 21 0.5000
gloriou 48 21 0.5000
apt 47 21 0.5000
cat 47 21 0.5000
dame 47 21 0.5000
fore 47 21 0.5000
alik 44 21 0.5000
rescu 44 21 0.5000
staff 44 21 0.5000
amongst 43 21 0.5000
beauteou 43 21 0.5000
robe 43 21 0.5000
censur 42 21 0.5000
huge 42 21 0.5000
pocket 42 21 0.5000
taint 42 21 0.5000
serpent 41 21 0.5000
bud 40 21 0.5000
stretch 40 21 0.5000
captiv 39 21 0.5000
eagl 39 21 0.5000
redeem 39 21 0.5000
weather 39 21 0.5000
wolf 39 21 0.5000
achiev 38 21 0.5000
choler 38 21 0.5000
grew 38 21 0.5000
perish 38 21 0.5000
withdraw 38 21 0.5000
higher 37 21 0.5000
imprison 37 21 0.5000
lift 37 21 0.5000
pleasant 37 21 0.5000
slight 37 21 0.5000
subdu 37 21 0.5000
haunt 36 21 0.5000
immedi 36 21 0.5000
miracl 36 21 0.5000
smoke 36 21 0.5000
bank 35 21 0.5000
branch 35 21 0.5000
freedom 35 21 0.5000
messag 35 21 0.5000
ocean 35 21 0.5000
petti 35 21 0.5000
physician 35 21 0.5000
pomp 35 21 0.5000
shown 35 21 0.5000
beget 34 21 0.5000
daili 34 21 0.5000
decre 34 21 0.5000
inherit 34 21 0.5000
level 34 21 0.5000
liver 34 21 0.5000
caught 33 21 0.5000
dissembl 33 21 0.5000
immort 33 21 0.5000
soil 33 21 0.5000
theme 33 21 0.5000
aspect 32 21 0.5000
aw 32 21 0.5000
escap 32 21 0.5000
lesser 32 21 0.5000
reserv 32 21 0.5000
signifi 32 21 0.5000
terribl 32 21 0.5000
jade 31 21 0.5000
bewar 30 21 0.5000
peevish 30 21 0.5000
appli 29 21 0.5000
destini 29 21 0.5000
hatch 29 21 0.5000
monarch 29 21 0.5000
suggest 29 21 0.5000
consum 28 21 0.5000
hungri 28 21 0.5000
pipe 28 21 0.5000
rebuk 28 21 0.5000
shrewd 28 21 0.5000
perus 27 21 0.5000
accent 26 21 0.5000
hedg 26 21 0.5000
preced 26 21 0.5000
clean 25 21 0.5000
page 468 20 0.4762
french 190 20 0.4762
camp 80 20 0.4762
church 74 20 0.4762
betwixt 61 20 0.4762
glove 56 20 0.4762
disposit 54 20 0.4762
requir 54 20 0.4762
inform 52 20 0.4762
bade 50 20 0.4762
belli 50 20 0.4762
accept 47 20 0.4762
hapli 47 20 0.4762
hound 47 20 0.4762
wave 47 20 0.4762
human 46 20 0.4762
market 46 20 0.4762
displeasur 45 20 0.4762
suppli 44 20 0.4762
destroi 43 20 0.4762
dress 43 20 0.4762
vessel 43 20 0.4762
aris 42 20 0.4762
calm 42 20 0.4762
blast 41 20 0.4762
opposit 41 20 0.4762
rous 40 20 0.4762
ap 39 20 0.4762
mask 39 20 0.4762
nobli 38 20 0.4762
shoe 38 20 0.4762
wondrou 38 20 0.4762
element 37 20 0.4762
fret 37 20 0.4762
otherwis 37 20 0.4762
reach 37 20 0.4762
climb 36 20 0.4762
cloak 36 20 0.4762
discret 36 20 0.4762
dozen 36 20 0.4762
purg 36 20 0.4762
spurn 36 20 0.4762
compound 35 20 0.4762
detest 35 20 0.4762
liveri 35 20 0.4762
loyal 35 20 0.4762
moral 35 20 0.4762
partli 35 20 0.4762
sieg 35 20 0.4762
crest 34 20 0.4762
begun 33 20 0.4762
invis 33 20 0.4762
ornament 33 20 0.4762
perpetu 33 20 0.4762
satisfact 33 20 0.4762
shade 33 20 0.4762
beshrew 32 20 0.4762
flatteri 32 20 0.4762
justli 32 20 0.4762
liber 32 20 0.4762
recompens 32 20 0.4762
rite 32 20 0.4762
scale 32 20 0.4762
shield 32 20 0.4762
stern 32 20 0.4762
ago 31 20 0.4762
clamour 31 20 0.4762
ly 31 20 0.4762
toi 31 20 0.4762
board 30 20 0.4762
carriag 30 20 0.4762
deaf 30 20 0.4762
debat 30 20 0.4762
exce 30 20 0.4762
inquir 30 20 0.4762
levi 30 20 0.4762
makest 30 20 0.4762
mightst 30 20 0.4762
peep 30 20 0.4762
push 30 20 0.4762
sacrific 30 20 0.4762
societi 30 20 0.4762
strongli 30 20 0.4762
ugli 30 20 0.4762
aloud 29 20 0.4762
transform 29 20 0.4762
whate 29 20 0.4762
apac 28 20 0.4762
lame 28 20 0.4762
semblanc 28 20 0.4762
sensibl 28 20 0.4762
threat 28 20 0.4762
trim 28 20 0.4762
procur 27 20 0.4762
spi 27 20 0.4762
hung 26 20 0.4762
region 26 20 0.4762
scandal 26 20 0.4762
crook 25 20 0.4762
forehead 25 20 0.4762
steep 25 20 0.4762
harvest 23 20 0.4762
roof 23 20 0.4762
apprehens 21 20 0.4762
caesar 602 19 0.4524
franc 415 19 0.4524
england 311 19 0.4524
alarum 115 19 0.4524
grei 82 19 0.4524
slaughter 74 19 0.4524
armour 61 19 0.4524
keeper 60 19 0.4524
stab 52 19 0.4524
lad 51 19 0.4524
fourth 50 19 0.4524
jealousi 50 19 0.4524
fatal 49 19 0.4524
deer 44 19 0.4524
substanc 44 19 0.4524
cock 41 19 0.4524
nation 41 19 0.4524
eight 40 19 0.4524
heartili 40 19 0.4524
yond 40 19 0.4524
afford 39 19 0.4524
butcher 39 19 0.4524
accid 38 19 0.4524
lusti 38 19 0.4524
prefer 38 19 0.4524
bate 37 19 0.4524
charact 37 19 0.4524
conquest 36 19 0.4524
crime 36 19 0.4524
ad 35 19 0.4524
beheld 35 19 0.4524
kin 35 19 0.4524
medicin 35 19 0.4524
profan 35 19 0.4524
absent 34 19 0.4524
surpris 34 19 0.4524
tall 34 19 0.4524
cherish 33 19 0.4524
deceit 33 19 0.4524
inch 33 19 0.4524
space 33 19 0.4524
sue 33 19 0.4524
estim 32 19 0.4524
famou 32 19 0.4524
forswear 32 19 0.4524
front 32 19 0.4524
giddi 32 19 0.4524
howl 32 19 0.4524
importun 32 19 0.4524
kindr 32 19 0.4524
mutini 32 19 0.4524
notic 32 19 0.4524
afeard 31 19 0.4524
foreign 31 19 0.4524
scratch 31 19 0.4524
spy 31 19 0.4524
ward 31 19 0.4524
wot 31 19 0.4524
comest 30 19 0.4524
shower 30 19 0.4524
treacher 30 19 0.4524
apprehend 29 19 0.4524
contend 29 19 0.4524
digest 29 19 0.4524
doublet 29 19 0.4524
kingli 29 19 0.4524
nest 29 19 0.4524
perfum 29 19 0.4524
senseless 29 19 0.4524
strew 29 19 0.4524
trunk 29 19 0.4524
contriv 28 19 0.4524
flint 28 19 0.4524
heav 28 19 0.4524
summon 28 19 0.4524
warn 28 19 0.4524
coin 27 19 0.4524
sovereignti 27 19 0.4524
afterward 26 19 0.4524
bargain 26 19 0.4524
evermor 26 19 0.4524
hinder 26 19 0.4524
potent 26 19 0.4524
thin 26 19 0.4524
diet 25 19 0.4524
diver 25 19 0.4524
stole 25 19 0.4524
stopp 25 19 0.4524
sadli 24 19 0.4524
everlast 23 19 0.4524
adder 21 19 0.4524
path 21 19 0.4524
john 508 18 0.4286
host 148 18 0.4286
shepherd 132 18 0.4286
la 124 18 0.4286
witch 105 18 0.4286
ld 87 18 0.4286
sand 57 18 0.4286
council 54 18 0.4286
torch 53 18 0.4286
rhyme 51 18 0.4286
dine 46 18 0.4286
chair 44 18 0.4286
imperi 42 18 0.4286
banquet 41 18 0.4286
contract 41 18 0.4286
unnatur 41 18 0.4286
corn 40 18 0.4286
pawn 39 18 0.4286
articl 38 18 0.4286
sayest 38 18 0.4286
also 36 18 0.4286
befal 36 18 0.4286
bill 36 18 0.4286
goddess 36 18 0.4286
guilt 36 18 0.4286
wrinkl 36 18 0.4286
zeal 36 18 0.4286
design 35 18 0.4286
interest 35 18 0.4286
stolen 35 18 0.4286
suspicion 35 18 0.4286
younger 35 18 0.4286
adventur 34 18 0.4286
ran 34 18 0.4286
seldom 34 18 0.4286
addit 33 18 0.4286
complain 33 18 0.4286
conveni 33 18 0.4286
fleet 33 18 0.4286
mingl 33 18 0.4286
moan 33 18 0.4286
owl 33 18 0.4286
steed 33 18 0.4286
vanish 33 18 0.4286
written 33 18 0.4286
horribl 32 18 0.4286
ink 32 18 0.4286
burst 31 18 0.4286
destruct 31 18 0.4286
intellig 31 18 0.4286
joy 31 18 0.4286
lower 31 18 0.4286
parlei 31 18 0.4286
price 31 18 0.4286
reliev 31 18 0.4286
camest 30 18 0.4286
closet 30 18 0.4286
betim 29 18 0.4286
candl 29 18 0.4286
commonwealth 29 18 0.4286
coupl 29 18 0.4286
exceed 29 18 0.4286
mettl 29 18 0.4286
stubborn 29 18 0.4286
tiger 29 18 0.4286
deck 28 18 0.4286
devot 28 18 0.4286
hire 28 18 0.4286
laughter 28 18 0.4286
prodig 28 18 0.4286
twould 28 18 0.4286
bread 27 18 0.4286
eldest 27 18 0.4286
heap 27 18 0.4286
likewis 27 18 0.4286
slumber 27 18 0.4286
argu 26 18 0.4286
dearer 26 18 0.4286
distanc 26 18 0.4286
harbour 26 18 0.4286
interpret 26 18 0.4286
resembl 26 18 0.4286
softli 26 18 0.4286
attir 25 18 0.4286
counsellor 25 18 0.4286
defect 25 18 0.4286
ei 25 18 0.4286
parcel 25 18 0.4286
prompt 25 18 0.4286
resist 25 18 0.4286
seriou 25 18 0.4286
subscrib 25 18 0.4286
unjust 25 18 0.4286
vii 25 18 0.4286
assail 24 18 0.4286
entranc 24 18 0.4286
fantast 24 18 0.4286
forg 24 18 0.4286
hush 24 18 0.4286
impress 24 18 0.4286
parent 24 18 0.4286
solicit 24 18 0.4286
straw 24 18 0.4286
wateri 24 18 0.4286
lap 23 18 0.4286
mutual 23 18 0.4286
nourish 23 18 0.4286
settl 23 18 0.4286
curb 22 18 0.4286
dash 22 18 0.4286
persuas 22 18 0.4286
address 21 18 0.4286
built 21 18 0.4286
cradl 20 18 0.4286
heal 20 18 0.4286
rome 342 17 0.4048
princess 175 17 0.4048
roman 175 17 0.4048
earl 171 17 0.4048
english 157 17 0.4048
castl 108 17 0.4048
cupid 61 17 0.4048
pinch 51 17 0.4048
mild 46 17 0.4048
ladyship 45 17 0.4048
rt 43 17 0.4048
slew 42 17 0.4048
wail 41 17 0.4048
cuckold 39 17 0.4048
ravish 38 17 0.4048
sceptr 38 17 0.4048
absolut 37 17 0.4048
enterpris 37 17 0.4048
nephew 37 17 0.4048
tyranni 37 17 0.4048
enviou 36 17 0.4048
sheet 36 17 0.4048
assembl 35 17 0.4048
exchang 35 17 0.4048
lovest 35 17 0.4048
burden 34 17 0.4048
thrown 34 17 0.4048
current 33 17 0.4048
instanc 33 17 0.4048
oak 33 17 0.4048
throng 33 17 0.4048
wholesom 33 17 0.4048
coal 31 17 0.4048
flat 31 17 0.4048
peasant 31 17 0.4048
pin 31 17 0.4048
port 31 17 0.4048
compel 30 17 0.4048
date 30 17 0.4048
declin 30 17 0.4048
disturb 30 17 0.4048
divorc 30 17 0.4048
game 30 17 0.4048
herein 30 17 0.4048
split 30 17 0.4048
tail 30 17 0.4048
curtain 29 17 0.4048
pull 29 17 0.4048
vaniti 29 17 0.4048
appar 28 17 0.4048
begot 28 17 0.4048
happili 28 17 0.4048
lark 28 17 0.4048
load 28 17 0.4048
manhood 28 17 0.4048
prate 28 17 0.4048
scar 28 17 0.4048
south 28 17 0.4048
tutor 28 17 0.4048
chastiti 27 17 0.4048
experi 27 17 0.4048
listen 27 17 0.4048
sup 27 17 0.4048
vassal 27 17 0.4048
whereto 27 17 0.4048
certainli 26 17 0.4048
exercis 26 17 0.4048
hare 26 17 0.4048
loyalti 26 17 0.4048
sweetest 26 17 0.4048
bath 25 17 0.4048
discord 25 17 0.4048
harmoni 25 17 0.4048
process 25 17 0.4048
silk 25 17 0.4048
trip 25 17 0.4048
vulgar 25 17 0.4048
affright 24 17 0.4048
ball 24 17 0.4048
carv 24 17 0.4048
dart 24 17 0.4048
employ 24 17 0.4048
enrich 24 17 0.4048
exploit 24 17 0.4048
gape 24 17 0.4048
hourli 24 17 0.4048
instantli 24 17 0.4048
pledg 24 17 0.4048
poverti 24 17 0.4048
rack 24 17 0.4048
rot 24 17 0.4048
tie 24 17 0.4048
wring 24 17 0.4048
bruis 23 17 0.4048
chafe 23 17 0.4048
enmiti 23 17 0.4048
herd 23 17 0.4048
hideou 23 17 0.4048
million 23 17 0.4048
ought 23 17 0.4048
swoon 23 17 0.4048
tri 23 17 0.4048
advers 22 17 0.4048
bethink 22 17 0.4048
histori 22 17 0.4048
jot 22 17 0.4048
mistook 22 17 0.4048
notwithstand 22 17 0.4048
reconcil 22 17 0.4048
strai 22 17 0.4048
thread 22 17 0.4048
covet 21 17 0.4048
dislik 21 17 0.4048
droop 21 17 0.4048
fallen 21 17 0.4048
nigh 21 17 0.4048
quak 21 17 0.4048
relish 21 17 0.4048
stake 21 17 0.4048
tenor 21 17 0.4048
wil 21 17 0.4048
dri 20 17 0.4048
jump 20 17 0.4048
mould 20 17 0.4048
restrain 20 17 0.4048
discoveri 18 17 0.4048
bawd 97 16 0.3810
forest 90 16 0.3810
whore 58 16 0.3810
vers 55 16 0.3810
prologu 41 16 0.3810
control 40 16 0.3810
burthen 38 16 0.3810
slai 36 16 0.3810
correct 34 16 0.3810
phrase 34 16 0.3810
audienc 33 16 0.3810
canker 33 16 0.3810
wept 33 16 0.3810
perjur 32 16 0.3810
yellow 32 16 0.3810
dire 31 16 0.3810
palm 31 16 0.3810
reproach 31 16 0.3810
dam 30 16 0.3810
fever 30 16 0.3810
muster 30 16 0.3810
thirti 30 16 0.3810
box 28 16 0.3810
brawl 28 16 0.3810
cannon 28 16 0.3810
lightn 28 16 0.3810
presum 28 16 0.3810
religi 28 16 0.3810
ach 27 16 0.3810
afternoon 27 16 0.3810
ancestor 27 16 0.3810
drunken 27 16 0.3810
forsak 27 16 0.3810
patch 27 16 0.3810
prophesi 27 16 0.3810
prophet 27 16 0.3810
scholar 27 16 0.3810
stare 27 16 0.3810
tickl 27 16 0.3810
bolt 26 16 0.3810
dainti 26 16 0.3810
grim 26 16 0.3810
lanc 26 16 0.3810
mischanc 26 16 0.3810
outrag 26 16 0.3810
wet 26 16 0.3810
altogeth 25 16 0.3810
assault 25 16 0.3810
divis 25 16 0.3810
dowri 25 16 0.3810
engag 25 16 0.3810
function 25 16 0.3810
grain 25 16 0.3810
lime 25 16 0.3810
miscarri 25 16 0.3810
naught 25 16 0.3810
acknowledg 24 16 0.3810
becam 24 16 0.3810
eleven 24 16 0.3810
extend 24 16 0.3810
fan 24 16 0.3810
proclam 24 16 0.3810
abat 23 16 0.3810
ash 23 16 0.3810
assai 23 16 0.3810
bide 23 16 0.3810
consequ 23 16 0.3810
distemp 23 16 0.3810
dst 23 16 0.3810
enchant 23 16 0.3810
fawn 23 16 0.3810
feat 23 16 0.3810
kindl 23 16 0.3810
minion 23 16 0.3810
motiv 23 16 0.3810
outliv 23 16 0.3810
pillow 23 16 0.3810
properti 23 16 0.3810
rear 23 16 0.3810
sire 23 16 0.3810
suffic 23 16 0.3810
superflu 23 16 0.3810
bereft 22 16 0.3810
coffer 22 16 0.3810
diest 22 16 0.3810
endeavour 22 16 0.3810
hasti 22 16 0.3810
impedi 22 16 0.3810
manli 22 16 0.3810
nuptial 22 16 0.3810
propos 22 16 0.3810
spark 22 16 0.3810
speedi 22 16 0.3810
afar 21 16 0.3810
bachelor 21 16 0.3810
bootless 21 16 0.3810
burnt 21 16 0.3810
frail 21 16 0.3810
marbl 21 16 0.3810
narrow 21 16 0.3810
noon 21 16 0.3810
owner 21 16 0.3810
pattern 21 16 0.3810
stool 21 16 0.3810
survei 21 16 0.3810
whit 21 16 0.3810
abomin 20 16 0.3810
ado 20 16 0.3810
balm 20 16 0.3810
chid 20 16 0.3810
dragon 20 16 0.3810
fellowship 20 16 0.3810
glanc 20 16 0.3810
grossli 20 16 0.3810
omit 20 16 0.3810
ruffian 20 16 0.3810
sex 20 16 0.3810
stuck 20 16 0.3810
aspir 19 16 0.3810
curiou 19 16 0.3810
theft 19 16 0.3810
arch 18 16 0.3810
careless 18 16 0.3810
dedic 18 16 0.3810
rang 18 16 0.3810
avaunt 17 16 0.3810
rend 17 16 0.3810
doctor 188 15 0.3571
signior 135 15 0.3571
emperor 103 15 0.3571
sack 65 15 0.3571
realm 60 15 0.3571
cave 54 15 0.3571
shout 46 15 0.3571
feebl 42 15 0.3571
bride 41 15 0.3571
forfeit 41 15 0.3571
ambiti 40 15 0.3571
tut 40 15 0.3571
combat 37 15 0.3571
thereof 37 15 0.3571
hercul 36 15 0.3571
fifti 33 15 0.3571
m 33 15 0.3571
redress 33 15 0.3571
chin 32 15 0.3571
directli 32 15 0.3571
rapier 32 15 0.3571
sleev 32 15 0.3571
strumpet 32 15 0.3571
elect 31 15 0.3571
scope 31 15 0.3571
venu 31 15 0.3571
farther 30 15 0.3571
bag 29 15 0.3571
grass 29 15 0.3571
nod 29 15 0.3571
sinew 29 15 0.3571
thorn 29 15 0.3571
infirm 28 15 0.3571
wore 28 15 0.3571
ador 27 15 0.3571
allegi 27 15 0.3571
keen 27 15 0.3571
scrupl 27 15 0.3571
toad 27 15 0.3571
trespass 27 15 0.3571
actor 26 15 0.3571
amiti 26 15 0.3571
antiqu 26 15 0.3571
begg 26 15 0.3571
dispers 26 15 0.3571
hum 26 15 0.3571
multitud 26 15 0.3571
ourself 26 15 0.3571
retreat 26 15 0.3571
suffici 26 15 0.3571
wag 26 15 0.3571
bee 25 15 0.3571
complaint 25 15 0.3571
craft 25 15 0.3571
egg 25 15 0.3571
foil 25 15 0.3571
grievou 25 15 0.3571
lurk 25 15 0.3571
seed 25 15 0.3571
turk 25 15 0.3571
upright 25 15 0.3571
vault 25 15 0.3571
voyag 25 15 0.3571
access 24 15 0.3571
backward 24 15 0.3571
circl 24 15 0.3571
eaten 24 15 0.3571
forthwith 24 15 0.3571
meddl 24 15 0.3571
sheath 24 15 0.3571
arrow 23 15 0.3571
beneath 23 15 0.3571
beseem 23 15 0.3571
brand 23 15 0.3571
handl 23 15 0.3571
household 23 15 0.3571
nearer 23 15 0.3571
plenti 23 15 0.3571
pox 23 15 0.3571
purpl 23 15 0.3571
resid 23 15 0.3571
sustain 23 15 0.3571
bliss 22 15 0.3571
distil 22 15 0.3571
entreati 22 15 0.3571
expens 22 15 0.3571
mantl 22 15 0.3571
rein 22 15 0.3571
repeat 22 15 0.3571
sphere 22 15 0.3571
support 22 15 0.3571
vanquish 22 15 0.3571
famish 21 15 0.3571
gossip 21 15 0.3571
middl 21 15 0.3571
mute 21 15 0.3571
print 21 15 0.3571
shriek 21 15 0.3571
sugar 21 15 0.3571
undergo 21 15 0.3571
bowl 20 15 0.3571
errand 20 15 0.3571
imit 20 15 0.3571
orb 20 15 0.3571
plight 20 15 0.3571
richer 20 15 0.3571
sauc 20 15 0.3571
tyrann 20 15 0.3571
univers 20 15 0.3571
utmost 20 15 0.3571
april 19 15 0.3571
blossom 19 15 0.3571
chronicl 19 15 0.3571
copi 19 15 0.3571
crush 19 15 0.3571
evid 19 15 0.3571
finish 19 15 0.3571
lofti 19 15 0.3571
reap 19 15 0.3571
religion 19 15 0.3571
size 19 15 0.3571
veil 19 15 0.3571
enlarg 18 15 0.3571
faster 18 15 0.3571
handsom 18 15 0.3571
oblivion 18 15 0.3571
publish 18 15 0.3571
shrink 18 15 0.3571
thereto 18 15 0.3571
tumbl 18 15 0.3571
whatsoev 18 15 0.3571
bulk 17 15 0.3571
plume 17 15 0.3571
race 17 15 0.3571
smallest 17 15 0.3571
mockeri 16 15 0.3571
raw 16 15 0.3571
fairi 82 14 0.3333
poet 73 14 0.3333
merchant 71 14 0.3333
elbow 62 14 0.3333
musician 52 14 0.3333
courtier 44 14 0.3333
porter 44 14 0.3333
adam 43 14 0.3333
monsieur 43 14 0.3333
arrest 42 14 0.3333
isl 42 14 0.3333
whoreson 41 14 0.3333
countrymen 40 14 0.3333
aboard 35 14 0.3333
bush 34 14 0.3333
goos 33 14 0.3333
th 33 14 0.3333
delic 31 14 0.3333
royalti 31 14 0.3333
stol 31 14 0.3333
conqueror 30 14 0.3333
cozen 30 14 0.3333
grandsir 30 14 0.3333
warrior 30 14 0.3333
flout 29 14 0.3333
coast 28 14 0.3333
dian 28 14 0.3333
petit 28 14 0.3333
ax 27 14 0.3333
faction 26 14 0.3333
file 26 14 0.3333
luck 26 14 0.3333
opportun 26 14 0.3333
yesterdai 26 14 0.3333
barbar 25 14 0.3333
dim 25 14 0.3333
expedit 25 14 0.3333
horror 25 14 0.3333
lili 25 14 0.3333
meantim 25 14 0.3333
mistrust 25 14 0.3333
obtain 25 14 0.3333
penni 25 14 0.3333
piteou 25 14 0.3333
revenu 25 14 0.3333
silli 25 14 0.3333
smother 25 14 0.3333
taper 25 14 0.3333
unseen 25 14 0.3333
vent 25 14 0.3333
amor 24 14 0.3333
fourteen 24 14 0.3333
guiltless 24 14 0.3333
indign 24 14 0.3333
moe 24 14 0.3333
nightli 24 14 0.3333
propheci 24 14 0.3333
sixth 24 14 0.3333
treacheri 24 14 0.3333
bode 23 14 0.3333
commod 23 14 0.3333
deceas 23 14 0.3333
fountain 23 14 0.3333
gallow 23 14 0.3333
merrili 23 14 0.3333
neglig 23 14 0.3333
neptun 23 14 0.3333
produc 23 14 0.3333
robb 23 14 0.3333
roll 23 14 0.3333
soundli 23 14 0.3333
statu 23 14 0.3333
sureti 23 14 0.3333
bondag 22 14 0.3333
courteou 22 14 0.3333
ebb 22 14 0.3333
especi 22 14 0.3333
femal 22 14 0.3333
indiffer 22 14 0.3333
knaveri 22 14 0.3333
mous 22 14 0.3333
penit 22 14 0.3333
pot 22 14 0.3333
sober 22 14 0.3333
sung 22 14 0.3333
wage 22 14 0.3333
beastli 21 14 0.3333
briefli 21 14 0.3333
defil 21 14 0.3333
departur 21 14 0.3333
err 21 14 0.3333
knowest 21 14 0.3333
nobler 21 14 0.3333
sickli 21 14 0.3333
stead 21 14 0.3333
stout 21 14 0.3333
wi 21 14 0.3333
babi 20 14 0.3333
badg 20 14 0.3333
cruelti 20 14 0.3333
descript 20 14 0.3333
enrag 20 14 0.3333
featur 20 14 0.3333
liar 20 14 0.3333
meanest 20 14 0.3333
meed 20 14 0.3333
moreov 20 14 0.3333
reproof 20 14 0.3333
rub 20 14 0.3333
shroud 20 14 0.3333
somewhat 20 14 0.3333
squir 20 14 0.3333
sullen 20 14 0.3333
vapour 20 14 0.3333
worser 20 14 0.3333
celesti 19 14 0.3333
charit 19 14 0.3333
driven 19 14 0.3333
dure 19 14 0.3333
expir 19 14 0.3333
gavest 19 14 0.3333
giant 19 14 0.3333
halt 19 14 0.3333
holp 19 14 0.3333
hunger 19 14 0.3333
latter 19 14 0.3333
lief 19 14 0.3333
lowli 19 14 0.3333
meal 19 14 0.3333
overthrow 19 14 0.3333
period 19 14 0.3333
plainli 19 14 0.3333
proverb 19 14 0.3333
recount 19 14 0.3333
renew 19 14 0.3333
safer 19 14 0.3333
tonight 19 14 0.3333
transport 19 14 0.3333
upbraid 19 14 0.3333
accomplish 18 14 0.3333
altar 18 14 0.3333
anchor 18 14 0.3333
boat 18 14 0.3333
combin 18 14 0.3333
contempl 18 14 0.3333
contin 18 14 0.3333
deepli 18 14 0.3333
desol 18 14 0.3333
drowsi 18 14 0.3333
fertil 18 14 0.3333
frost 18 14 0.3333
german 18 14 0.3333
gore 18 14 0.3333
gripe 18 14 0.3333
homag 18 14 0.3333
ic 18 14 0.3333
phoebu 18 14 0.3333
qualifi 18 14 0.3333
silken 18 14 0.3333
dole 17 14 0.3333
excess 17 14 0.3333
hind 17 14 0.3333
moieti 17 14 0.3333
payment 17 14 0.3333
sow 17 14 0.3333
stiff 17 14 0.3333
attain 16 14 0.3333
eloqu 16 14 0.3333
girdl 16 14 0.3333
gladli 16 14 0.3333
lewd 16 14 0.3333
livest 16 14 0.3333
oil 16 14 0.3333
torn 16 14 0.3333
truer 16 14 0.3333
wayward 16 14 0.3333
witti 16 14 0.3333
arbitr 15 14 0.3333
attent 15 14 0.3333
cope 15 14 0.3333
displeas 15 14 0.3333
separ 15 14 0.3333
stirr 15 14 0.3333
volum 15 14 0.3333
relief 14 14 0.3333
rust 14 14 0.3333
henri 1149 13 0.3095
constanc 65 13 0.3095
garter 44 13 0.3095
ambassador 41 13 0.3095
groom 37 13 0.3095
nobil 37 13 0.3095
accurs 33 13 0.3095
garland 33 13 0.3095
park 32 13 0.3095
protect 32 13 0.3095
rebellion 32 13 0.3095
bottl 30 13 0.3095
orat 28 13 0.3095
villan 28 13 0.3095
tribut 27 13 0.3095
tush 26 13 0.3095
sith 25 13 0.3095
feign 24 13 0.3095
flock 24 13 0.3095
reviv 24 13 0.3095
cord 23 13 0.3095
hose 23 13 0.3095
insol 23 13 0.3095
ladder 23 13 0.3095
riot 23 13 0.3095
afoot 22 13 0.3095
chosen 22 13 0.3095
diamond 22 13 0.3095
forlorn 22 13 0.3095
glow 22 13 0.3095
herb 22 13 0.3095
ingratitud 22 13 0.3095
mongst 22 13 0.3095
pernici 22 13 0.3095
prime 22 13 0.3095
r 22 13 0.3095
rib 22 13 0.3095
youngest 22 13 0.3095
anoint 21 13 0.3095
broil 21 13 0.3095
exclaim 21 13 0.3095
liquor 21 13 0.3095
pang 21 13 0.3095
pestil 21 13 0.3095
shirt 21 13 0.3095
vision 21 13 0.3095
aloof 20 13 0.3095
ascend 20 13 0.3095
brass 20 13 0.3095
consort 20 13 0.3095
fenc 20 13 0.3095
fowl 20 13 0.3095
jar 20 13 0.3095
lung 20 13 0.3095
napkin 20 13 0.3095
road 20 13 0.3095
succe 20 13 0.3095
chest 19 13 0.3095
chose 19 13 0.3095
complet 19 13 0.3095
countryman 19 13 0.3095
drift 19 13 0.3095
drunkard 19 13 0.3095
pursuit 19 13 0.3095
rod 19 13 0.3095
spectacl 19 13 0.3095
stumbl 19 13 0.3095
toe 19 13 0.3095
unlik 19 13 0.3095
welkin 19 13 0.3095
blank 18 13 0.3095
brace 18 13 0.3095
crystal 18 13 0.3095
descent 18 13 0.3095
dig 18 13 0.3095
fade 18 13 0.3095
fooleri 18 13 0.3095
hiss 18 13 0.3095
insult 18 13 0.3095
likelihood 18 13 0.3095
pilgrimag 18 13 0.3095
riddl 18 13 0.3095
sepulchr 18 13 0.3095
trusti 18 13 0.3095
violet 18 13 0.3095
witchcraft 18 13 0.3095
wolv 18 13 0.3095
agu 17 13 0.3095
bankrupt 17 13 0.3095
capabl 17 13 0.3095
clai 17 13 0.3095
compact 17 13 0.3095
constrain 17 13 0.3095
duck 17 13 0.3095
entir 17 13 0.3095
mercuri 17 13 0.3095
pleaseth 17 13 0.3095
prodigi 17 13 0.3095
resort 17 13 0.3095
secreci 17 13 0.3095
shelter 17 13 0.3095
strangl 17 13 0.3095
trebl 17 13 0.3095
trow 17 13 0.3095
barr 16 13 0.3095
batter 16 13 0.3095
batteri 16 13 0.3095
bearer 16 13 0.3095
bestrid 16 13 0.3095
canopi 16 13 0.3095
cloudi 16 13 0.3095
displai 16 13 0.3095
enfranchis 16 13 0.3095
falcon 16 13 0.3095
map 16 13 0.3095
pageant 16 13 0.3095
permit 16 13 0.3095
polit 16 13 0.3095
presag 16 13 0.3095
quicken 16 13 0.3095
tardi 16 13 0.3095
toss 16 13 0.3095
underneath 16 13 0.3095
vast 16 13 0.3095
alm 15 13 0.3095
asund 15 13 0.3095
bead 15 13 0.3095
bit 15 13 0.3095
cleav 15 13 0.3095
crutch 15 13 0.3095
flaw 15 13 0.3095
grate 15 13 0.3095
graviti 15 13 0.3095
gust 15 13 0.3095
husbandri 15 13 0.3095
latest 15 13 0.3095
maladi 15 13 0.3095
meaner 15 13 0.3095
organ 15 13 0.3095
progress 15 13 0.3095
reek 15 13 0.3095
rheum 15 13 0.3095
seduc 15 13 0.3095
slack 15 13 0.3095
speechless 15 13 0.3095
sunder 15 13 0.3095
sweeter 15 13 0.3095
waist 15 13 0.3095
wrangl 15 13 0.3095
agent 14 13 0.3095
chiefli 14 13 0.3095
curl 14 13 0.3095
distinguish 14 13 0.3095
futur 14 13 0.3095
infus 14 13 0.3095
interim 14 13 0.3095
mirror 14 13 0.3095
rent 14 13 0.3095
ripen 14 13 0.3095
weaker 14 13 0.3095
bewitch 13 13 0.3095
roast 13 13 0.3095
