# stoplist: theta=0.600  N=42  V=14986  terms=1447
# 由 index_gen 生成（Part 1）。仅供报告与解释使用，查询正确性只取决于 index.bin
# term cf df df/N
the 29622 42 1.0000
and 27365 42 1.0000
i 23243 42 1.0000
to 20898 42 1.0000
of 18181 42 1.0000
a 15347 42 1.0000
you 14236 42 1.0000
my 12935 42 1.0000
that 11938 42 1.0000
in 11901 42 1.0000
is 9717 42 1.0000
not 8871 42 1.0000
with 8243 42 1.0000
it 8090 42 1.0000
for 8088 42 1.0000
s 8078 42 1.0000
me 8033 42 1.0000
be 7978 42 1.0000
hi 7410 42 1.0000
he 7152 42 1.0000
your 7145 42 1.0000
thi 6923 42 1.0000
but 6637 42 1.0000
have 6293 42 1.0000
as 6041 42 1.0000
thou 5861 42 1.0000
him 5441 42 1.0000
so 5361 42 1.0000
on 5338 42 1.0000
will 5274 42 1.0000
what 5026 42 1.0000
her 4384 42 1.0000
thy 4259 42 1.0000
all 4190 42 1.0000
do 4069 42 1.0000
by 4033 42 1.0000
no 3973 42 1.0000
we 3757 42 1.0000
shall 3749 42 1.0000
if 3689 42 1.0000
ar 3582 42 1.0000
come 3403 42 1.0000
thee 3368 42 1.0000
our 3256 42 1.0000
o 3208 42 1.0000
good 3016 42 1.0000
now 2950 42 1.0000
love 2914 42 1.0000
from 2854 42 1.0000
she 2805 42 1.0000
thei 2705 42 1.0000
at 2644 42 1.0000
or 2568 42 1.0000
which 2543 42 1.0000
let 2474 42 1.0000
here 2439 42 1.0000
more 2429 42 1.0000
would 2415 42 1.0000
wa 2401 42 1.0000
well 2349 42 1.0000
their 2344 42 1.0000
then 2334 42 1.0000
how 2291 42 1.0000
there 2284 42 1.0000
make 2228 42 1.0000
am 2217 42 1.0000
when 2178 42 1.0000
us 2133 42 1.0000
sai 2101 42 1.0000
like 2091 42 1.0000
them 2088 42 1.0000
know 2081 42 1.0000
man 2076 42 1.0000
hath 2035 42 1.0000
than 1952 42 1.0000
an 1910 42 1.0000
go 1880 42 1.0000
upon 1845 42 1.0000
did 1748 42 1.0000
mai 1741 42 1.0000
yet 1693 42 1.0000
were 1674 42 1.0000
should 1661 42 1.0000
see 1656 42 1.0000
give 1627 42 1.0000
must 1564 42 1.0000
had 1534 42 1.0000
why 1534 42 1.0000
ti 1502 42 1.0000
such 1498 42 1.0000
out 1479 42 1.0000
where 1469 42 1.0000
who 1424 42 1.0000
take 1419 42 1.0000
time 1414 42 1.0000
some 1412 42 1.0000
these 1377 42 1.0000
heart 1360 42 1.0000
too 1303 42 1.0000
ey 1281 42 1.0000
look 1270 42 1.0000
mine 1252 42 1.0000
hand 1240 42 1.0000
most 1222 42 1.0000
think 1220 42 1.0000
tell 1198 42 1.0000
up 1159 42 1.0000
father 1153 42 1.0000
er 1088 42 1.0000
never 1088 42 1.0000
doth 1080 42 1.0000
much 1075 42 1.0000
hear 1045 42 1.0000
nor 1034 42 1.0000
men 1022 42 1.0000
live 1014 42 1.0000
master 981 42 1.0000
word 969 42 1.0000
fear 954 42 1.0000
other 951 42 1.0000
life 948 42 1.0000
sweet 890 42 1.0000
made 877 42 1.0000
thing 868 42 1.0000
heaven 861 42 1.0000
true 857 42 1.0000
fair 855 42 1.0000
ani 846 42 1.0000
thu 823 42 1.0000
own 816 42 1.0000
again 803 42 1.0000
leav 792 42 1.0000
been 742 42 1.0000
blood 732 42 1.0000
part 723 42 1.0000
world 721 42 1.0000
old 714 42 1.0000
done 707 42 1.0000
grace 695 42 1.0000
down 690 42 1.0000
whose 689 42 1.0000
poor 687 42 1.0000
thought 685 42 1.0000
head 681 42 1.0000
wai 677 42 1.0000
though 676 42 1.0000
both 673 42 1.0000
till 671 42 1.0000
could 669 42 1.0000
even 669 42 1.0000
into 662 42 1.0000
ever 659 42 1.0000
show 650 42 1.0000
still 639 42 1.0000
find 619 42 1.0000
myself 618 42 1.0000
against 611 42 1.0000
fool 609 42 1.0000
new 606 42 1.0000
mani 604 42 1.0000
those 601 42 1.0000
everi 595 42 1.0000
face 590 42 1.0000
place 573 42 1.0000
follow 572 42 1.0000
peac 569 42 1.0000
long 553 42 1.0000
set 551 42 1.0000
tongu 542 42 1.0000
might 541 42 1.0000
wit 527 42 1.0000
off 521 42 1.0000
littl 514 42 1.0000
natur 506 42 1.0000
none 498 42 1.0000
thine 488 42 1.0000
himself 486 42 1.0000
mind 486 42 1.0000
best 482 42 1.0000
sinc 480 42 1.0000
hour 478 42 1.0000
turn 477 42 1.0000
fall 473 42 1.0000
high 472 42 1.0000
whom 468 42 1.0000
full 459 42 1.0000
seem 456 42 1.0000
onc 449 42 1.0000
els 430 42 1.0000
plai 426 42 1.0000
said 410 42 1.0000
right 404 42 1.0000
spirit 401 42 1.0000
forth 397 42 1.0000
reason 397 42 1.0000
attend 396 42 1.0000
desir 392 42 1.0000
without 386 42 1.0000
breath 379 42 1.0000
need 377 42 1.0000
henc 375 42 1.0000
kind 372 42 1.0000
light 372 42 1.0000
heard 366 42 1.0000
came 363 42 1.0000
truth 363 42 1.0000
earth 349 42 1.0000
fals 346 42 1.0000
wish 326 42 1.0000
last 325 42 1.0000
sit 321 42 1.0000
ill 316 42 1.0000
piti 307 42 1.0000
saw 294 42 1.0000
li 278 42 1.0000
sun 278 42 1.0000
each 270 42 1.0000
ag 261 42 1.0000
content 236 42 1.0000
move 235 42 1.0000
touch 231 42 1.0000
want 230 42 1.0000
voic 228 42 1.0000
ask 223 42 1.0000
promis 218 42 1.0000
brought 215 42 1.0000
note 212 42 1.0000
hard 203 42 1.0000
suffer 182 42 1.0000
sever 147 42 1.0000
d 5722 41 0.9762
speak 1420 41 0.9762
first 1369 41 0.9762
can 1304 41 0.9762
dai 1229 41 0.9762
t 1181 41 0.9762
great 1023 41 0.9762
death 1010 41 0.9762
art 977 41 0.9762
night 977 41 0.9762
honour 955 41 0.9762
hast 944 41 0.9762
friend 935 41 0.9762
call 932 41 0.9762
befor 861 41 0.9762
veri 823 41 0.9762
stand 800 41 0.9762
ay 794 41 0.9762
bear 794 41 0.9762
name 790 41 0.9762
cannot 788 41 0.9762
st 788 41 0.9762
noth 660 41 0.9762
therefor 651 41 0.9762
mean 650 41 0.9762
better 636 41 0.9762
keep 620 41 0.9762
soul 603 41 0.9762
put 591 41 0.9762
mark 562 41 0.9762
pleas 531 41 0.9762
stai 529 41 0.9762
fortun 523 41 0.9762
within 516 41 0.9762
die 510 41 0.9762
answer 491 41 0.9762
gone 486 41 0.9762
young 482 41 0.9762
anoth 478 41 0.9762
hope 466 41 0.9762
unto 461 41 0.9762
inde 450 41 0.9762
end 449 41 0.9762
bid 448 41 0.9762
after 441 41 0.9762
gentl 419 41 0.9762
about 414 41 0.9762
shame 414 41 0.9762
rest 400 41 0.9762
matter 394 41 0.9762
wrong 392 41 0.9762
caus 380 41 0.9762
sleep 379 41 0.9762
help 370 41 0.9762
thousand 358 41 0.9762
bodi 357 41 0.9762
act 355 41 0.9762
while 354 41 0.9762
lie 348 41 0.9762
hang 346 41 0.9762
get 344 41 0.9762
lai 344 41 0.9762
break 336 41 0.9762
onli 336 41 0.9762
youth 335 41 0.9762
prove 329 41 0.9762
rather 329 41 0.9762
under 307 41 0.9762
strang 303 41 0.9762
far 302 41 0.9762
seek 302 41 0.9762
weep 297 41 0.9762
lost 285 41 0.9762
draw 284 41 0.9762
seen 284 41 0.9762
run 283 41 0.9762
prais 281 41 0.9762
virtu 275 41 0.9762
wear 267 41 0.9762
work 264 41 0.9762
grow 262 41 0.9762
ne 256 41 0.9762
fit 254 41 0.9762
gave 251 41 0.9762
told 245 41 0.9762
late 243 41 0.9762
found 242 41 0.9762
gold 237 41 0.9762
doubt 236 41 0.9762
over 235 41 0.9762
becom 231 41 0.9762
pleasur 231 41 0.9762
worth 228 41 0.9762
yield 224 41 0.9762
behold 220 41 0.9762
bound 218 41 0.9762
sad 216 41 0.9762
begin 210 41 0.9762
forc 210 41 0.9762
free 208 41 0.9762
common 207 41 0.9762
burn 199 41 0.9762
water 198 41 0.9762
cours 193 41 0.9762
affect 187 41 0.9762
cheek 186 41 0.9762
sake 185 41 0.9762
white 181 41 0.9762
next 172 41 0.9762
feel 165 41 0.9762
past 165 41 0.9762
soon 156 41 0.9762
seal 127 41 0.9762
lord 3780 40 0.9524
ll 2487 40 0.9524
enter 2465 40 0.9524
god 1281 40 0.9524
ladi 1158 40 0.9524
awai 891 40 0.9524
son 833 40 0.9524
prai 806 40 0.9524
two 707 40 0.9524
hous 615 40 0.9524
hold 595 40 0.9524
dead 587 40 0.9524
bring 547 40 0.9524
ye 527 40 0.9524
dear 477 40 0.9524
faith 468 40 0.9524
power 463 40 0.9524
mother 452 40 0.9524
dost 448 40 0.9524
present 447 40 0.9524
tear 425 40 0.9524
woman 425 40 0.9524
kill 418 40 0.9524
three 418 40 0.9524
meet 411 40 0.9524
ear 409 40 0.9524
back 393 40 0.9524
welcom 392 40 0.9524
bed 375 40 0.9524
home 375 40 0.9524
farewel 361 40 0.9524
state 349 40 0.9524
mad 344 40 0.9524
fire 340 40 0.9524
law 338 40 0.9524
sea 337 40 0.9524
wilt 334 40 0.9524
same 331 40 0.9524
swear 329 40 0.9524
pardon 327 40 0.9524
hors 326 40 0.9524
enough 325 40 0.9524
kiss 321 40 0.9524
serv 320 40 0.9524
grief 314 40 0.9524
care 312 40 0.9524
sound 304 40 0.9524
through 304 40 0.9524
command 298 40 0.9524
happi 285 40 0.9524
purpos 284 40 0.9524
save 284 40 0.9524
talk 281 40 0.9524
believ 279 40 0.9524
bless 279 40 0.9524
wind 273 40 0.9524
sent 271 40 0.9524
left 267 40 0.9524
charg 260 40 0.9524
comfort 253 40 0.9524
joi 250 40 0.9524
sight 248 40 0.9524
appear 246 40 0.9524
lose 246 40 0.9524
sick 246 40 0.9524
rememb 245 40 0.9524
alon 238 40 0.9524
di 236 40 0.9524
cold 228 40 0.9524
deni 221 40 0.9524
air 215 40 0.9524
receiv 208 40 0.9524
rich 208 40 0.9524
open 207 40 0.9524
trust 205 40 0.9524
lead 204 40 0.9524
known 197 40 0.9524
suit 195 40 0.9524
neither 194 40 0.9524
ground 193 40 0.9524
wonder 193 40 0.9524
goe 186 40 0.9524
pain 186 40 0.9524
canst 185 40 0.9524
either 183 40 0.9524
deep 177 40 0.9524
took 176 40 0.9524
toward 176 40 0.9524
hot 175 40 0.9524
wors 174 40 0.9524
pluck 172 40 0.9524
bosom 167 40 0.9524
labour 161 40 0.9524
manner 161 40 0.9524
sometim 157 40 0.9524
besid 152 40 0.9524
drop 152 40 0.9524
shake 147 40 0.9524
laugh 146 40 0.9524
tale 145 40 0.9524
quit 141 40 0.9524
assur 138 40 0.9524
shape 134 40 0.9524
stop 133 40 0.9524
low 117 40 0.9524
held 90 40 0.9524
king 3260 39 0.9286
nobl 694 39 0.9286
second 654 39 0.9286
nai 601 39 0.9286
arm 526 39 0.9286
thank 521 39 0.9286
crown 398 39 0.9286
read 356 39 0.9286
morrow 353 39 0.9286
sure 344 39 0.9286
offic 324 39 0.9286
shalt 315 39 0.9286
beauti 314 39 0.9286
hither 308 39 0.9286
born 304 39 0.9286
year 300 39 0.9286
return 294 39 0.9286
sorrow 290 39 0.9286
dare 288 39 0.9286
fault 287 39 0.9286
fly 281 39 0.9286
worthi 270 39 0.9286
sing 268 39 0.9286
togeth 268 39 0.9286
cry 266 39 0.9286
gener 257 39 0.9286
pass 254 39 0.9286
side 252 39 0.9286
half 248 39 0.9286
between 244 39 0.9286
ala 235 39 0.9286
wound 235 39 0.9286
proud 232 39 0.9286
less 229 39 0.9286
holi 221 39 0.9286
foot 220 39 0.9286
learn 220 39 0.9286
strike 215 39 0.9286
strong 215 39 0.9286
merci 208 39 0.9286
cut 205 39 0.9286
heavi 205 39 0.9286
door 203 39 0.9286
favour 203 39 0.9286
black 200 39 0.9286
warrant 199 39 0.9286
walk 198 39 0.9286
mouth 194 39 0.9286
blow 190 39 0.9286
didst 190 39 0.9286
women 190 39 0.9286
tender 188 39 0.9286
eat 186 39 0.9286
vow 184 39 0.9286
smile 173 39 0.9286
gate 172 39 0.9286
commend 167 39 0.9286
wast 165 39 0.9286
carri 158 39 0.9286
lest 157 39 0.9286
plain 156 39 0.9286
grant 152 39 0.9286
cri 146 39 0.9286
sport 146 39 0.9286
self 145 39 0.9286
soft 138 39 0.9286
behind 133 39 0.9286
often 132 39 0.9286
wing 119 39 0.9286
embrac 116 39 0.9286
quick 116 39 0.9286
marri 538 38 0.9048
wife 522 38 0.9048
boi 517 38 0.9048
fellow 404 38 0.9048
iii 335 38 0.9048
iv 335 38 0.9048
fight 324 38 0.9048
ii 319 38 0.9048
send 314 38 0.9048
honest 304 38 0.9048
land 299 38 0.9048
yourself 295 38 0.9048
deed 288 38 0.9048
devil 287 38 0.9048
hate 287 38 0.9048
court 286 38 0.9048
busi 276 38 0.9048
near 272 38 0.9048
foul 270 38 0.9048
itself 263 38 0.9048
v 258 38 0.9048
maid 253 38 0.9048
chang 248 38 0.9048
grave 245 38 0.9048
danger 242 38 0.9048
thyself 239 38 0.9048
reveng 238 38 0.9048
oath 224 38 0.9048
compani 219 38 0.9048
drink 219 38 0.9048
base 206 38 0.9048
wise 206 38 0.9048
point 204 38 0.9048
patienc 202 38 0.9048
becaus 196 38 0.9048
countri 193 38 0.9048
subject 191 38 0.9048
person 190 38 0.9048
duti 186 38 0.9048
hell 185 38 0.9048
confess 178 38 0.9048
themselv 174 38 0.9048
rage 173 38 0.9048
fast 168 38 0.9048
almost 167 38 0.9048
knew 167 38 0.9048
pale 167 38 0.9048
offer 166 38 0.9048
abov 164 38 0.9048
bold 163 38 0.9048
unless 163 38 0.9048
scorn 159 38 0.9048
counsel 157 38 0.9048
respect 157 38 0.9048
brain 153 38 0.9048
flesh 152 38 0.9048
weak 151 38 0.9048
passion 149 38 0.9048
book 148 38 0.9048
offenc 148 38 0.9048
prepar 147 38 0.9048
hide 145 38 0.9048
bad 142 38 0.9048
vile 142 38 0.9048
glad 140 38 0.9048
teach 140 38 0.9048
mortal 138 38 0.9048
whole 131 38 0.9048
feed 130 38 0.9048
case 128 38 0.9048
stir 128 38 0.9048
steal 124 38 0.9048
ow 123 38 0.9048
longer 122 38 0.9048
effect 118 38 0.9048
herself 114 38 0.9048
patient 112 38 0.9048
doubl 107 38 0.9048
deceiv 100 38 0.9048
round 97 38 0.9048
catch 95 38 0.9048
provid 76 38 0.9048
sir 3033 37 0.8810
exeunt 1061 37 0.8810
exit 977 37 0.8810
mistress 809 37 0.8810
scene 791 37 0.8810
brother 699 37 0.8810
daughter 515 37 0.8810
servant 488 37 0.8810
asid 432 37 0.8810
re 429 37 0.8810
sword 427 37 0.8810
letter 379 37 0.8810
husband 373 37 0.8810
villain 312 37 0.8810
enemi 287 37 0.8810
child 265 37 0.8810
servic 264 37 0.8810
speed 257 37 0.8810
sin 246 37 0.8810
beseech 240 37 0.8810
peopl 231 37 0.8810
prison 226 37 0.8810
lip 209 37 0.8810
graciou 203 37 0.8810
given 199 37 0.8810
beat 196 37 0.8810
deliv 195 37 0.8810
colour 188 37 0.8810
pai 188 37 0.8810
report 188 37 0.8810
certain 186 37 0.8810
morn 185 37 0.8810
someth 185 37 0.8810
slave 179 37 0.8810
question 177 37 0.8810
merri 175 37 0.8810
sens 174 37 0.8810
straight 165 37 0.8810
hair 161 37 0.8810
just 157 37 0.8810
speech 157 37 0.8810
oft 156 37 0.8810
wretch 156 37 0.8810
offend 154 37 0.8810
four 152 37 0.8810
methink 151 37 0.8810
wherein 149 37 0.8810
stone 147 37 0.8810
withal 146 37 0.8810
feast 144 37 0.8810
close 143 37 0.8810
wherefor 143 37 0.8810
met 141 37 0.8810
strength 137 37 0.8810
star 134 37 0.8810
chanc 133 37 0.8810
cross 130 37 0.8810
possess 128 37 0.8810
creatur 126 37 0.8810
cast 123 37 0.8810
short 121 37 0.8810
forget 120 37 0.8810
finger 118 37 0.8810
perceiv 115 37 0.8810
term 114 37 0.8810
perfect 111 37 0.8810
wild 111 37 0.8810
wait 102 37 0.8810
foolish 100 37 0.8810
greater 97 37 0.8810
pure 96 37 0.8810
heat 89 37 0.8810
privat 85 37 0.8810
ha 636 36 0.8571
war 419 36 0.8571
murder 378 36 0.8571
messeng 340 36 0.8571
quickli 258 36 0.8571
field 238 36 0.8571
woe 229 36 0.8571
music 228 36 0.8571
dog 212 36 0.8571
yea 205 36 0.8571
dream 203 36 0.8571
curs 199 36 0.8571
deserv 198 36 0.8571
write 178 36 0.8571
excel 174 36 0.8571
fare 174 36 0.8571
truli 174 36 0.8571
twenti 169 36 0.8571
twa 167 36 0.8571
readi 166 36 0.8571
alreadi 150 36 0.8571
lack 148 36 0.8571
loss 148 36 0.8571
entreat 144 36 0.8571
five 144 36 0.8571
form 144 36 0.8571
dark 141 36 0.8571
fell 141 36 0.8571
prayer 139 36 0.8571
sworn 138 36 0.8571
win 138 36 0.8571
breast 134 36 0.8571
lend 134 36 0.8571
anon 133 36 0.8571
troubl 133 36 0.8571
brow 131 36 0.8571
children 131 36 0.8571
fashion 128 36 0.8571
abus 121 36 0.8571
health 121 36 0.8571
beg 119 36 0.8571
leg 117 36 0.8571
weari 112 36 0.8571
excus 111 36 0.8571
bui 110 36 0.8571
least 108 36 0.8571
tast 108 36 0.8571
kept 107 36 0.8571
entertain 106 36 0.8571
golden 106 36 0.8571
opinion 106 36 0.8571
bone 103 36 0.8571
rule 103 36 0.8571
view 103 36 0.8571
intend 100 36 0.8571
wash 98 36 0.8571
bow 94 36 0.8571
forgot 93 36 0.8571
try 92 36 0.8571
forbid 83 36 0.8571
shouldst 80 36 0.8571
top 78 36 0.8571
whisper 66 36 0.8571
princ 935 35 0.8333
gentleman 575 35 0.8333
bloodi 240 35 0.8333
further 214 35 0.8333
gentlemen 211 35 0.8333
watch 184 35 0.8333
humbl 153 35 0.8333
spoke 153 35 0.8333
throw 151 35 0.8333
flower 150 35 0.8333
en 149 35 0.8333
room 149 35 0.8333
piec 145 35 0.8333
sigh 142 35 0.8333
heir 141 35 0.8333
poison 136 35 0.8333
issu 135 35 0.8333
harm 133 35 0.8333
wouldst 133 35 0.8333
pretti 130 35 0.8333
remain 130 35 0.8333
fill 127 35 0.8333
twere 126 35 0.8333
coward 125 35 0.8333
rise 125 35 0.8333
dull 124 35 0.8333
measur 124 35 0.8333
whether 117 35 0.8333
breed 115 35 0.8333
beast 113 35 0.8333
choos 113 35 0.8333
jewel 110 35 0.8333
presenc 110 35 0.8333
beggar 108 35 0.8333
fresh 108 35 0.8333
gainst 107 35 0.8333
stood 107 35 0.8333
birth 106 35 0.8333
acquaint 105 35 0.8333
secret 99 35 0.8333
motion 97 35 0.8333
drawn 96 35 0.8333
taken 96 35 0.8333
quiet 93 35 0.8333
thither 93 35 0.8333
expect 91 35 0.8333
commit 90 35 0.8333
winter 87 35 0.8333
proce 85 35 0.8333
temper 80 35 0.8333
rain 79 35 0.8333
deal 78 35 0.8333
teeth 61 35 0.8333
queen 1010 34 0.8095
soldier 480 34 0.8095
justic 256 34 0.8095
royal 233 34 0.8095
sister 224 34 0.8095
brave 217 34 0.8095
ring 190 34 0.8095
ten 162 34 0.8095
action 153 34 0.8095
sirrah 149 34 0.8095
lion 147 34 0.8095
fetch 134 34 0.8095
shadow 129 34 0.8095
pride 127 34 0.8095
understand 126 34 0.8095
paper 120 34 0.8095
consent 119 34 0.8095
along 117 34 0.8095
gift 117 34 0.8095
order 113 34 0.8095
rose 113 34 0.8095
post 112 34 0.8095
writ 112 34 0.8095
buri 111 34 0.8095
delight 111 34 0.8095
red 111 34 0.8095
worst 111 34 0.8095
hadst 108 34 0.8095
went 108 34 0.8095
stain 106 34 0.8095
angri 105 34 0.8095
summer 103 34 0.8095
shine 102 34 0.8095
virtuou 102 34 0.8095
small 101 34 0.8095
proof 99 34 0.8095
aliv 98 34 0.8095
groan 96 34 0.8095
scarc 95 34 0.8095
neck 93 34 0.8095
occas 93 34 0.8095
sorri 93 34 0.8095
whenc 93 34 0.8095
griev 92 34 0.8095
observ 92 34 0.8095
whither 92 34 0.8095
tune 91 34 0.8095
idl 90 34 0.8095
depart 86 34 0.8095
crave 82 34 0.8095
swift 81 34 0.8095
divin 80 34 0.8095
spare 79 34 0.8095
dwell 78 34 0.8095
desert 77 34 0.8095
furi 76 34 0.8095
spent 76 34 0.8095
infect 72 34 0.8095
mountain 72 34 0.8095
third 259 33 0.7857
ho 214 33 0.7857
traitor 213 33 0.7857
guard 179 33 0.7857
wall 167 33 0.7857
sovereign 166 33 0.7857
fie 163 33 0.7857
mock 163 33 0.7857
moon 152 33 0.7857
foe 150 33 0.7857
damn 132 33 0.7857
dread 130 33 0.7857
titl 127 33 0.7857
wake 123 33 0.7857
knee 120 33 0.7857
fine 119 33 0.7857
drown 117 33 0.7857
nois 117 33 0.7857
beard 116 33 0.7857
cheer 112 33 0.7857
blind 109 33 0.7857
wisdom 109 33 0.7857
blame 108 33 0.7857
match 106 33 0.7857
paint 105 33 0.7857
endur 103 33 0.7857
obei 103 33 0.7857
spring 102 33 0.7857
brief 99 33 0.7857
practis 99 33 0.7857
won 99 33 0.7857
demand 95 33 0.7857
evil 95 33 0.7857
bestow 93 33 0.7857
dispatch 93 33 0.7857
heel 91 33 0.7857
line 91 33 0.7857
clear 89 33 0.7857
rais 89 33 0.7857
although 88 33 0.7857
sharp 88 33 0.7857
trick 88 33 0.7857
thrice 86 33 0.7857
whereof 86 33 0.7857
advis 85 33 0.7857
govern 85 33 0.7857
rough 83 33 0.7857
larg 82 33 0.7857
steel 82 33 0.7857
intent 80 33 0.7857
bend 79 33 0.7857
encount 79 33 0.7857
throne 78 33 0.7857
continu 77 33 0.7857
advanc 74 33 0.7857
lodg 74 33 0.7857
consid 73 33 0.7857
protest 73 33 0.7857
loath 67 33 0.7857
persuad 64 33 0.7857
prevent 62 33 0.7857
stream 49 33 0.7857
madam 532 32 0.7619
monei 190 32 0.7619
ah 174 32 0.7619
citi 163 32 0.7619
got 131 32 0.7619
treason 126 32 0.7619
flatter 122 32 0.7619
silenc 120 32 0.7619
hundr 119 32 0.7619
awak 112 32 0.7619
number 109 32 0.7619
wert 108 32 0.7619
song 106 32 0.7619
blush 104 32 0.7619
thenc 102 32 0.7619
folli 101 32 0.7619
forward 100 32 0.7619
laid 100 32 0.7619
vain 98 32 0.7619
among 95 32 0.7619
visit 94 32 0.7619
sort 93 32 0.7619
advantag 92 32 0.7619
greet 91 32 0.7619
rude 91 32 0.7619
broke 90 32 0.7619
glass 89 32 0.7619
bright 88 32 0.7619
qualiti 87 32 0.7619
lo 86 32 0.7619
nose 86 32 0.7619
sudden 84 32 0.7619
cun 81 32 0.7619
bare 80 32 0.7619
list 79 32 0.7619
aught 78 32 0.7619
cruel 78 32 0.7619
smell 78 32 0.7619
wanton 78 32 0.7619
devis 77 32 0.7619
dry 77 32 0.7619
reput 77 32 0.7619
twice 76 32 0.7619
utter 76 32 0.7619
extrem 74 32 0.7619
imagin 73 32 0.7619
worm 73 32 0.7619
loud 72 32 0.7619
admir 70 32 0.7619
borrow 69 32 0.7619
proper 69 32 0.7619
empti 67 32 0.7619
figur 67 32 0.7619
flood 67 32 0.7619
sore 66 32 0.7619
aim 64 32 0.7619
fright 63 32 0.7619
nought 63 32 0.7619
dispos 60 32 0.7619
object 60 32 0.7619
proceed 59 32 0.7619
purchas 56 32 0.7619
cool 55 32 0.7619
hereaft 52 32 0.7619
doe 343 31 0.7381
knave 220 31 0.7381
valiant 159 31 0.7381
chamber 158 31 0.7381
hark 157 31 0.7381
woo 150 31 0.7381
conscienc 132 31 0.7381
judgment 129 31 0.7381
marriag 128 31 0.7381
simpl 127 31 0.7381
worship 125 31 0.7381
green 124 31 0.7381
whilst 122 31 0.7381
mighti 120 31 0.7381
judg 116 31 0.7381
ourselv 116 31 0.7381
tide 116 31 0.7381
hurt 113 31 0.7381
perform 112 31 0.7381
valour 112 31 0.7381
adieu 104 31 0.7381
bird 103 31 0.7381
slander 96 31 0.7381
angel 95 31 0.7381
join 95 31 0.7381
frown 93 31 0.7381
author 91 31 0.7381
ignor 89 31 0.7381
cure 87 31 0.7381
resolv 86 31 0.7381
forgiv 85 31 0.7381
preciou 84 31 0.7381
rank 84 31 0.7381
struck 84 31 0.7381
satisfi 83 31 0.7381
direct 82 31 0.7381
disgrac 82 31 0.7381
spend 82 31 0.7381
affair 81 31 0.7381
until 81 31 0.7381
mar 80 31 0.7381
mend 80 31 0.7381
suppos 79 31 0.7381
frame 78 31 0.7381
merit 78 31 0.7381
odd 77 31 0.7381
safeti 76 31 0.7381
weigh 76 31 0.7381
desper 75 31 0.7381
enjoi 75 31 0.7381
anger 73 31 0.7381
equal 72 31 0.7381
counterfeit 71 31 0.7381
prize 69 31 0.7381
easi 68 31 0.7381
lean 68 31 0.7381
alwai 67 31 0.7381
fruit 67 31 0.7381
conceit 64 31 0.7381
solemn 64 31 0.7381
womb 64 31 0.7381
therein 63 31 0.7381
bred 61 31 0.7381
bark 60 31 0.7381
compass 57 31 0.7381
salt 54 31 0.7381
ripe 50 31 0.7381
bastard 213 30 0.7143
trumpet 173 30 0.7143
saint 141 30 0.7143
street 136 30 0.7143
lover 132 30 0.7143
jest 129 30 0.7143
e 128 30 0.7143
quarrel 126 30 0.7143
plagu 119 30 0.7143
danc 115 30 0.7143
safe 114 30 0.7143
awhil 106 30 0.7143
cloud 104 30 0.7143
tree 100 30 0.7143
approach 99 30 0.7143
ta 99 30 0.7143
studi 96 30 0.7143
fled 93 30 0.7143
gain 93 30 0.7143
jove 93 30 0.7143
thunder 91 30 0.7143
condit 90 30 0.7143
lament 87 30 0.7143
silver 87 30 0.7143
mere 85 30 0.7143
knowledg 84 30 0.7143
obedi 82 30 0.7143
request 82 30 0.7143
success 82 30 0.7143
argument 81 30 0.7143
repent 80 30 0.7143
corrupt 78 30 0.7143
lock 77 30 0.7143
trembl 77 30 0.7143
twixt 77 30 0.7143
wrath 77 30 0.7143
chide 76 30 0.7143
discours 74 30 0.7143
enforc 74 30 0.7143
spite 74 30 0.7143
eas 72 30 0.7143
amaz 71 30 0.7143
injuri 71 30 0.7143
confound 70 30 0.7143
few 70 30 0.7143
weed 70 30 0.7143
treasur 69 30 0.7143
dust 67 30 0.7143
food 67 30 0.7143
habit 67 30 0.7143
shut 67 30 0.7143
season 66 30 0.7143
skill 66 30 0.7143
despit 65 30 0.7143
disguis 65 30 0.7143
renown 65 30 0.7143
stuff 65 30 0.7143
fli 64 30 0.7143
marvel 64 30 0.7143
regard 64 30 0.7143
broken 63 30 0.7143
heavenli 63 30 0.7143
profit 63 30 0.7143
warm 63 30 0.7143
account 62 30 0.7143
swell 62 30 0.7143
accord 61 30 0.7143
hollow 60 30 0.7143
below 59 30 0.7143
leap 57 30 0.7143
sweat 56 30 0.7143
taught 56 30 0.7143
nake 55 30 0.7143
repair 54 30 0.7143
unkind 54 30 0.7143
build 53 30 0.7143
delai 53 30 0.7143
cost 51 30 0.7143
school 49 30 0.7143
guid 48 30 0.7143
event 44 30 0.7143
palac 163 29 0.6905
town 157 29 0.6905
knock 141 29 0.6905
flourish 137 29 0.6905
troth 108 29 0.6905
bond 101 29 0.6905
shore 95 29 0.6905
execut 92 29 0.6905
retir 92 29 0.6905
bitter 91 29 0.6905
clock 91 29 0.6905
courag 89 29 0.6905
courtesi 89 29 0.6905
innoc 88 29 0.6905
fail 85 29 0.6905
stori 84 29 0.6905
goodli 83 29 0.6905
proclaim 83 29 0.6905
storm 83 29 0.6905
faint 76 29 0.6905
melancholi 76 29 0.6905
betrai 75 29 0.6905
led 75 29 0.6905
cloth 74 29 0.6905
disdain 74 29 0.6905
hit 74 29 0.6905
mayst 74 29 0.6905
sum 74 29 0.6905
fate 72 29 0.6905
fond 72 29 0.6905
prosper 72 29 0.6905
vice 72 29 0.6905
leisur 71 29 0.6905
memori 70 29 0.6905
thrive 70 29 0.6905
aid 69 29 0.6905
c 69 29 0.6905
differ 69 29 0.6905
limb 69 29 0.6905
melt 69 29 0.6905
minist 69 29 0.6905
guest 67 29 0.6905
twill 67 29 0.6905
thrust 66 29 0.6905
supper 65 29 0.6905
trial 65 29 0.6905
stomach 64 29 0.6905
start 63 29 0.6905
abroad 62 29 0.6905
estat 62 29 0.6905
peril 62 29 0.6905
step 62 29 0.6905
strive 62 29 0.6905
wide 62 29 0.6905
wither 62 29 0.6905
abl 61 29 0.6905
drive 61 29 0.6905
scape 61 29 0.6905
seiz 59 29 0.6905
contrari 58 29 0.6905
tempt 58 29 0.6905
add 57 29 0.6905
companion 57 29 0.6905
rate 57 29 0.6905
store 57 29 0.6905
conclud 56 29 0.6905
spur 56 29 0.6905
tire 56 29 0.6905
durst 55 29 0.6905
fix 55 29 0.6905
prei 54 29 0.6905
swallow 54 29 0.6905
pierc 53 29 0.6905
resolut 49 29 0.6905
big 48 29 0.6905
repli 45 29 0.6905
furnish 44 29 0.6905
bent 42 29 0.6905
nice 42 29 0.6905
knot 41 29 0.6905
captain 223 28 0.6667
prithe 215 28 0.6667
banish 204 28 0.6667
humour 138 28 0.6667
kingdom 132 28 0.6667
glori 116 28 0.6667
purs 103 28 0.6667
train 95 28 0.6667
sign 93 28 0.6667
honesti 90 28 0.6667
bleed 88 28 0.6667
due 88 28 0.6667
amen 83 28 0.6667
month 83 28 0.6667
n 83 28 0.6667
plot 81 28 0.6667
liberti 80 28 0.6667
stranger 80 28 0.6667
dishonour 79 28 0.6667
throat 79 28 0.6667
remov 78 28 0.6667
choic 76 28 0.6667
root 76 28 0.6667
roar 75 28 0.6667
tyrant 75 28 0.6667
yonder 75 28 0.6667
tabl 74 28 0.6667
yourselv 74 28 0.6667
singl 70 28 0.6667
mount 69 28 0.6667
gross 67 28 0.6667
possibl 67 28 0.6667
window 67 28 0.6667
debt 66 28 0.6667
minut 65 28 0.6667
shoulder 65 28 0.6667
belov 63 28 0.6667
beyond 63 28 0.6667
public 63 28 0.6667
pursu 63 28 0.6667
rock 63 28 0.6667
sooner 63 28 0.6667
wont 63 28 0.6667
former 62 28 0.6667
discov 61 28 0.6667
dote 61 28 0.6667
heed 61 28 0.6667
hill 61 28 0.6667
pictur 61 28 0.6667
ruin 61 28 0.6667
six 61 28 0.6667
determin 60 28 0.6667
mirth 60 28 0.6667
spoken 60 28 0.6667
tread 60 28 0.6667
undertak 60 28 0.6667
etern 58 28 0.6667
beguil 57 28 0.6667
tame 57 28 0.6667
absenc 56 28 0.6667
blest 56 28 0.6667
crow 56 28 0.6667
greatest 56 28 0.6667
guess 56 28 0.6667
mistak 56 28 0.6667
rail 56 28 0.6667
sooth 55 28 0.6667
conduct 54 28 0.6667
despis 54 28 0.6667
discharg 54 28 0.6667
chase 53 28 0.6667
hid 51 28 0.6667
inclin 51 28 0.6667
sacr 51 28 0.6667
threaten 51 28 0.6667
plant 50 28 0.6667
sink 50 28 0.6667
rash 49 28 0.6667
unknown 48 28 0.6667
feather 47 28 0.6667
kei 47 28 0.6667
conceiv 46 28 0.6667
snow 46 28 0.6667
shift 45 28 0.6667
fed 43 28 0.6667
henceforth 43 28 0.6667
rotten 43 28 0.6667
seest 43 28 0.6667
conceal 36 28 0.6667
majesti 283 27 0.6429
knight 212 27 0.6429
drum 156 27 0.6429
slain 136 27 0.6429
kneel 119 27 0.6429
ass 102 27 0.6429
monster 97 27 0.6429
guilti 93 27 0.6429
defend 90 27 0.6429
wine 85 27 0.6429
seat 84 27 0.6429
ride 77 27 0.6429
seven 77 27 0.6429
charm 76 27 0.6429
wealth 76 27 0.6429
fanci 74 27 0.6429
mourn 72 27 0.6429
remembr 72 27 0.6429
wive 72 27 0.6429
gallant 71 27 0.6429
garment 71 27 0.6429
victori 71 27 0.6429
envi 70 27 0.6429
remedi 70 27 0.6429
despair 69 27 0.6429
drunk 69 27 0.6429
forbear 69 27 0.6429
instrument 69 27 0.6429
hunt 68 27 0.6429
miseri 68 27 0.6429
prick 68 27 0.6429
fain 67 27 0.6429
gaze 67 27 0.6429
punish 67 27 0.6429
stroke 66 27 0.6429
revolt 65 27 0.6429
shed 64 27 0.6429
loos 62 27 0.6429
nine 62 27 0.6429
reverend 62 27 0.6429
confirm 61 27 0.6429
cover 61 27 0.6429
crack 61 27 0.6429
dy 61 27 0.6429
instant 61 27 0.6429
appoint 60 27 0.6429
custom 60 27 0.6429
vouchsaf 60 27 0.6429
ceas 59 27 0.6429
feet 59 27 0.6429
flight 59 27 0.6429
outward 59 27 0.6429
civil 58 27 0.6429
deadli 57 27 0.6429
nativ 57 27 0.6429
bounti 56 27 0.6429
constant 56 27 0.6429
credit 56 27 0.6429
gall 56 27 0.6429
swai 56 27 0.6429
wander 56 27 0.6429
lamb 55 27 0.6429
rever 55 27 0.6429
alter 54 27 0.6429
conjur 54 27 0.6429
mischief 54 27 0.6429
pick 54 27 0.6429
devic 53 27 0.6429
digniti 53 27 0.6429
suddenli 53 27 0.6429
beaten 52 27 0.6429
boast 51 27 0.6429
agre 50 27 0.6429
sky 50 27 0.6429
belong 47 27 0.6429
fee 47 27 0.6429
pair 47 27 0.6429
sought 46 27 0.6429
elder 45 27 0.6429
revel 45 27 0.6429
friendli 40 27 0.6429
height 38 27 0.6429
duke 1165 26 0.6190
battl 139 26 0.6190
lordship 134 26 0.6190
armi 108 26 0.6190
fame 97 26 0.6190
neighbour 86 26 0.6190
wench 86 26 0.6190
fiend 83 26 0.6190
ancient 82 26 0.6190
hail 81 26 0.6190
stock 77 26 0.6190
malic 76 26 0.6190
reign 73 26 0.6190
wick 72 26 0.6190
plead 70 26 0.6190
fought 69 26 0.6190
condemn 67 26 0.6190
imag 67 26 0.6190
paid 66 26 0.6190
monstrou 65 26 0.6190
slow 65 26 0.6190
diseas 64 26 0.6190
grown 64 26 0.6190
dumb 62 26 0.6190
bell 61 26 0.6190
chariti 61 26 0.6190
express 61 26 0.6190
maintain 61 26 0.6190
preserv 60 26 0.6190
rob 59 26 0.6190
secur 59 26 0.6190
smooth 58 26 0.6190
earli 57 26 0.6190
convei 56 26 0.6190
tempest 56 26 0.6190
sentenc 55 26 0.6190
meant 54 26 0.6190
spake 54 26 0.6190
approv 53 26 0.6190
strain 52 26 0.6190
afflict 51 26 0.6190
darest 51 26 0.6190
descend 51 26 0.6190
flow 51 26 0.6190
friendship 51 26 0.6190
confer 50 26 0.6190
edg 50 26 0.6190
neglect 50 26 0.6190
polici 49 26 0.6190
twelv 49 26 0.6190
assist 48 26 0.6190
avoid 48 26 0.6190
error 48 26 0.6190
perhap 48 26 0.6190
rush 48 26 0.6190
fairli 47 26 0.6190
vantag 47 26 0.6190
yoke 46 26 0.6190
appetit 45 26 0.6190
fold 45 26 0.6190
strife 45 26 0.6190
wrought 45 26 0.6190
dearli 44 26 0.6190
unworthi 44 26 0.6190
restor 43 26 0.6190
pearl 41 26 0.6190
bore 40 26 0.6190
sold 40 26 0.6190
abhor 39 26 0.6190
raven 38 26 0.6190
couch 34 26 0.6190
harsh 34 26 0.6190
